Bradford
Location 4149E 4352N, 134 metres amsl
Estimated data is marked with a * after the value.
Missing data (more than 2 days missing in month) is marked by  ---.
Sunshine data taken from an automatic Kipp & Zonen sensor marked with a #, otherwise sunshine data taken from a Campbell Stokes recorder.
   yyyy  mm   tmax    tmin      af    rain     sun
              degC    degC    days      mm   hours
   1908   1    5.0    -1.4      21     ---    29.7
   1908   2    7.3     1.9       8     ---    71.9
   1908   3    6.2     0.3      13     ---   101.4
   1908   4    8.6     2.1       5     ---   128.6
   1908   5   15.8     7.7       0     ---   180.4
   1908   6   17.7     8.7       0     ---   196.9
   1908   7   18.9    11.0       0     ---   196.1
   1908   8   17.5     9.7       0     ---   187.2
   1908   9   16.3     8.4       0     ---    99.5
   1908  10   14.6     8.0       0     ---    56.1
   1908  11    9.6     3.4       6     ---    28.4
   1908  12    5.8     0.0      13     ---    10.3
   1909   1    5.0     0.1      11     ---    35.6
   1909   2    5.5    -0.3      18     ---    49.9
   1909   3    5.6    -0.3      17     ---    58.7
   1909   4   12.2     3.3       3     ---   188.9
   1909   5   14.7     4.8       2     ---   216.8
   1909   6   15.0     7.5       0     ---   139.5
   1909   7   17.3    10.8       0     ---   151.2
   1909   8   18.8    10.7       0     ---   167.5
   1909   9   14.5     8.1       0     ---    74.4
   1909  10   12.9     6.9       3     ---   101.5
   1909  11    7.5     1.7      10     ---    60.8
   1909  12    5.3     0.4      10     ---    31.5
   1910   1    5.2    -0.5      13     ---    43.4
   1910   2    7.0     1.5       7     ---    74.3
   1910   3    9.1     2.2       4     ---   123.1
   1910   4    9.8     2.4       4     ---   118.2
   1910   5   14.3     6.0       0     ---   185.8
   1910   6   17.7     9.6       0     ---   163.4
   1910   7   17.0     9.8       0     ---   169.7
   1910   8   18.0    11.8       0     ---   133.8
   1910   9   15.0     8.5       0     ---   106.1
   1910  10   12.6     7.3       0     ---    69.7
   1910  11    5.5    -0.4      17     ---    66.0
   1910  12    8.0     3.6       3     ---    24.0
   1911   1    5.8     1.8       6    33.0    23.5
   1911   2    6.9     1.3       8    91.7    65.8
   1911   3    6.4     1.9       2    25.1    83.6
   1911   4   10.0     3.9       3    26.4   128.3
   1911   5   16.3     7.9       0    24.6   192.3
   1911   6   17.8     9.0       0    84.3   225.3
   1911   7   22.2    11.7       0     4.9   280.6
   1911   8   21.6    12.5       0    51.8   204.8
   1911   9   17.3     8.6       0    74.5   171.2
   1911  10   11.4     5.6       1    87.3    57.6
   1911  11    7.9     3.2       4    90.1    59.3
   1911  12    8.2     3.3       0   119.1    18.4
   1912   1    4.8     0.1      11   140.0    15.4
   1912   2    6.6     1.3       7    57.3    48.1
   1912   3    9.0     3.5       3   121.7    71.7
   1912   4   12.4     3.4       5    15.5   184.9
   1912   5   14.9     6.6       0    75.4   135.4
   1912   6   16.7     9.9       0   156.7   122.9
   1912   7   18.3    11.7       0    92.1   107.4
   1912   8   15.1     9.2       0   144.0    87.0
   1912   9   13.7     7.7       0    41.2   102.0
   1912  10   11.6     4.2       1    85.1    71.3
   1912  11    8.3     3.8       4    63.9    39.5
   1912  12    8.9     2.4       5   107.1    15.4
   1913   1    5.4     1.1      12   108.7     7.2
   1913   2    7.2     1.2       8    32.1    40.8
   1913   3    8.3     2.1       3   112.6    93.8
   1913   4   10.6     3.8       3    90.9    96.4
   1913   5   14.7     6.8       0    65.8   148.5
   1913   6   17.4     9.5       0    40.9   181.8
   1913   7   17.5    10.4       0    18.3   131.2
   1913   8   18.5    10.1       0    40.7   142.4
   1913   9   16.9    10.3       0    42.7   109.9
   1913  10   12.7     7.3       1    65.9    66.3
   1913  11   10.1     5.1       0    82.4    35.8
   1913  12    6.8     2.3       7    68.6    11.9
   1914   1    6.0     0.7      10    59.5    17.4
   1914   2    9.5     3.5       2    68.4    50.3
   1914   3    8.5     2.6       3    91.0    87.7
   1914   4   14.1     4.4       0    37.3   194.4
   1914   5   13.7     5.9       2    25.3   136.4
   1914   6   18.4     9.1       0    70.0   233.7
   1914   7   19.2    11.5       0   103.9   129.3
   1914   8   19.7    11.1       0    58.3   175.9
   1914   9   17.0     8.4       0    39.9   167.2
   1914  10   12.5     7.2       0    54.0    56.8
   1914  11    9.1     3.5       7   136.6    37.6
   1914  12    6.4     1.7       6   182.4     4.6
   1915   1    5.4     1.3       8   119.5    20.8
   1915   2    6.3     0.8       8   111.6    49.0
   1915   3    7.9     1.5      10    27.3   111.5
   1915   4   10.9     3.5       0    34.4   159.9
   1915   5   13.9     4.9       0    61.9   171.0
   1915   6   18.6     8.2       0    62.0   181.8
   1915   7   17.5    10.3       0   112.8   156.3
   1915   8   18.3    10.2       0   100.6   148.8
   1915   9   16.8     8.9       0    14.0   143.8
   1915  10   11.2     5.1       1    41.3    28.4
   1915  11    5.8    -0.6      13    51.6    66.9
   1915  12    6.6     1.2       7   196.4    13.1
   1916   1    9.7     4.4       2    68.3    34.4
   1916   2    5.4     0.5      10   144.1    53.1
   1916   3    4.4     0.3      14   106.9    55.4
   1916   4   11.4     3.1       2    42.3   173.6
   1916   5   14.8     6.3       0    66.2   133.8
   1916   6   14.4     7.7       0    51.5   121.8
   1916   7   18.4    11.1       0    69.7   172.0
   1916   8   20.1    12.1       0    55.1   138.3
   1916   9   15.8     8.9       0    48.1   106.9
   1916  10   12.5     6.1       2   153.5    63.0
   1916  11    8.8     4.1       3    86.9    32.2
   1916  12    4.4    -0.6      16    75.9    17.1
   1917   1    3.0    -0.5      24    64.6    17.3
   1917   2    3.2    -2.3      18    16.6    31.9
   1917   3    5.5    -0.9      17    84.8    87.3
   1917   4    8.3     0.8      12    48.6   125.7
   1917   5   16.3     6.6       1    64.3   176.5
   1917   6   18.7     9.4       0    54.1   208.5
   1917   7   19.9    11.0       0    29.6   211.0
   1917   8   18.1    11.9       0   111.8   103.1
   1917   9   17.3    10.3       0    25.2   110.7
   1917  10   10.2     3.6       3   139.7   103.2
   1917  11    9.6     4.9       2    60.6    38.6
   1917  12    4.5    -0.1      16    50.8    13.1
   1918   1    6.1     0.2      16    65.0    37.5
   1918   2    8.0     2.9       6   107.0    34.2
   1918   3    8.2     2.0       5    41.8   104.0
   1918   4    9.4     2.9       3    19.4   126.5
   1918   5   16.9     7.3       0    86.4   170.8
   1918   6   16.6     8.0       0    31.5   188.0
   1918   7   18.8    10.5       0   141.6   182.3
   1918   8   19.0    11.4       0    47.3   154.4
   1918   9   14.1     8.1       0   200.3   119.6
   1918  10   11.8     6.1       0    48.1    83.1
   1918  11    7.9     1.7      11    39.9    28.4
   1918  12    8.8     3.7       5   134.2     2.8
   1919   1    4.4     0.1      16   139.2    24.5
   1919   2    3.1    -1.4      16    47.2    27.6
   1919   3    5.4    -0.4      15   155.0    90.2
   1919   4   10.1     3.0       5    48.3   116.0
   1919   5   17.3     7.3       0    51.7   187.8
   1919   6   17.7     9.4       0    23.1   224.7
   1919   7   17.2     9.4       0    86.1   138.7
   1919   8   18.9    10.5       0    61.2   186.0
   1919   9   16.3     8.3       1    27.2   133.4
   1919  10   11.1     3.1       2    57.9   105.5
   1919  11    4.9     0.2      11    69.9    28.9
   1919  12    7.2     2.0       5   143.4    12.5
   1920   1    7.4     1.7       3   117.3    36.5
   1920   2    8.3     2.2       6    73.1    63.1
   1920   3   10.1     3.1       3    69.3    86.3
   1920   4    9.7     4.0       0   107.1    79.9
   1920   5   14.8     7.0       0    92.1   177.1
   1920   6   17.5     9.0       0    56.0   183.8
   1920   7   16.3    10.4       0   177.2   106.9
   1920   8   16.4     9.7       0    42.7   111.7
   1920   9   15.9     8.5       0    37.0    86.3
   1920  10   12.7     6.8       1    81.0    49.0
   1920  11    8.7     4.5       0    51.4    22.7
   1920  12    6.2     1.7      11    97.0     9.1
   1921   1    8.9     3.8       3   148.3    20.0
   1921   2    6.4     1.9       4     3.3    44.3
   1921   3    9.9     3.3       1    51.0    98.7
   1921   4   11.5     3.4       2    32.7   164.0
   1921   5   15.2     5.9       1    36.6   217.5
   1921   6   18.6     8.6       0     1.3   232.1
   1921   7   22.4    11.9       0    37.9   180.1
   1921   8   17.9    11.5       0   104.2   121.5
   1921   9   17.7     9.3       0    28.7   158.6
   1921  10   16.2     8.8       0    50.2    82.3
   1921  11    6.1     0.9       9    58.2    32.1
   1921  12    9.0     3.3       6   124.4     4.3
   1922   1    4.8     0.1      18   115.3    23.6
   1922   2    6.1     0.5      11    88.2    40.1
   1922   3    6.3     1.3       8    64.2    49.3
   1922   4    8.6     0.7       8    88.4   121.4
   1922   5   16.4     7.3       0    28.0   192.6
   1922   6   17.0     8.6       0    35.9   221.6
   1922   7   16.2     9.6       0   107.5   132.9
   1922   8   16.1     9.9       0   137.1   128.0
   1922   9   14.8     8.4       0    81.9    66.7
   1922  10   10.9     4.9       1    22.3    71.2
   1922  11    8.8     3.3       5    41.6    61.7
   1922  12    7.5     3.3       0    90.0    14.4
   1923   1    8.2     3.0       8    54.3    42.0
   1923   2    6.2     1.9      10   154.5    30.0
   1923   3    9.0     2.8       1    42.4    80.1
   1923   4    9.8     3.2       1    58.6   114.4
   1923   5   11.5     4.7       0    86.2   163.0
   1923   6   15.3     8.3       0    25.3   153.8
   1923   7   20.0    12.9       0    82.6   165.7
   1923   8   17.5    10.7       0    95.4   147.9
   1923   9   15.2     8.6       0    80.0   146.9
   1923  10   11.6     6.5       0    78.0    87.7
   1923  11    5.5     0.5      14   121.2    55.8
   1923  12    5.5     0.5      14    87.2    33.8
   1924   1    6.0     1.1       9    67.0    27.1
   1924   2    5.2     0.9      10    22.6    39.0
   1924   3    6.6    -1.3      21    38.0    90.5
   1924   4    9.7     2.3       7    52.5    92.3
   1924   5   13.8     7.0       0   118.1   116.5
   1924   6   16.7     9.4       0    46.6   152.5
   1924   7   18.0    10.9       0    86.2   181.2
   1924   8   16.7    10.0       0    72.7   135.3
   1924   9   15.9    10.2       0    87.9   128.6
   1924  10   12.4     6.7       1    76.4    64.3
   1924  11    8.9     4.5       2    67.8    28.0
   1924  12    9.0     4.8       1   108.3    13.8
   1925   1    7.3     2.2       3   108.4    25.3
   1925   2    6.8     1.4       7   143.9    57.5
   1925   3    7.3     1.8       8    26.5    91.9
   1925   4   10.3     3.4       2    70.7   125.0
   1925   5   14.6     7.2       1   113.9   106.0
   1925   6   18.9     9.2       0     2.1   205.3
   1925   7   20.8    12.1       0    26.8   176.5
   1925   8   18.8    11.7       0    92.5   132.4
   1925   9   14.3     7.5       0    67.4   115.9
   1925  10   13.0     6.4       0    92.8    80.9
   1925  11    5.8    -0.2      19    60.3    52.8
   1925  12    4.6    -0.8      18   130.9    34.9
   1926   1    6.7     1.5       9    99.1     9.8
   1926   2    8.2     3.5       4    66.8    35.8
   1926   3    8.5     3.1       3    34.6    80.5
   1926   4   12.3     4.9       0    37.3    99.4
   1926   5   13.1     4.6       0    71.9   134.2
   1926   6   17.2     8.3       0    75.2   161.7
   1926   7   20.2    12.3       0    54.1   152.8
   1926   8   19.3    11.0       0    77.0   197.8
   1926   9   17.1     9.6       0    46.2   119.4
   1926  10   10.5     4.1       7    91.9   105.3
   1926  11    7.7     2.2       4   147.9    36.2
   1926  12    6.4     1.6       8    26.9    46.3
   1927   1    6.7     1.9       7    75.9    24.4
   1927   2    6.6     0.6      16    40.2    37.1
   1927   3    9.5     3.5       1    79.6    83.3
   1927   4   10.2     3.8       2    68.2   136.9
   1927   5   13.9     5.5       1    35.1   130.9
   1927   6   14.9     7.4       0    82.4   182.5
   1927   7   18.7    11.6       0   100.0   130.8
   1927   8   17.9    11.7       0   147.0   104.2
   1927   9   15.0     9.2       0   103.5    99.1
   1927  10   13.2     6.5       0    95.0    71.8
   1927  11    8.0     2.8       6    87.0    50.8
   1927  12    2.5    -0.5      13    67.9    17.6
   1928   1    7.4     0.9       8   206.3    30.7
   1928   2    7.7     2.3       2   112.6    53.6
   1928   3    7.8     2.3       5    87.2    55.2
   1928   4   11.1     3.3       7    26.6   109.3
   1928   5   13.9     5.6       0    48.4   119.3
   1928   6   15.4     7.8       0   153.5   189.7
   1928   7   18.8    11.3       0    19.8   241.5
   1928   8   18.6    11.0       0    99.6   159.8
   1928   9   15.9     8.5       0    12.3   109.0
   1928  10   12.4     6.1       2   128.1    90.6
   1928  11    9.8     4.8       3   154.6    48.1
   1928  12    5.7    -0.1      16    51.2    25.2
   1929   1    ---     ---     ---    56.0     ---
   1929   2    ---     ---     ---    18.7    11.2
   1929   3    ---     ---     ---     7.1   128.6
   1929   4    ---     ---     ---    24.5   142.2
   1929   5    ---     ---     ---    39.8   198.3
   1929   6    ---     ---     ---    22.9   194.8
   1929   7    ---     ---     ---    54.5   170.1
   1929   8    ---     ---     ---    55.7   150.5
   1929   9    ---     ---     ---    16.1   152.5
   1929  10   12.0     5.2       4    92.3    94.1
   1929  11    8.9     2.5       9   156.9    28.8
   1929  12    7.2     2.4       6   187.5    33.4
   1930   1    7.6     1.3      11   137.9    36.3
   1930   2    3.8    -0.5      16    29.9    29.7
   1930   3    7.4     1.0      11    73.7    94.2
   1930   4    9.9     4.2       0    83.4    76.8
   1930   5   13.7     5.7       0    39.6   154.1
   1930   6   18.7     9.6       0    65.2   194.8
   1930   7   17.5    11.1       0   147.6   149.2
   1930   8   18.6    11.3       0   106.6   172.6
   1930   9   15.7     9.9       0   123.8   110.0
   1930  10   12.6     7.0       0    92.6   105.9
   1930  11    8.5     2.6       6   113.7    54.0
   1930  12    6.0     1.5       7    78.3    12.5
   1931   1    5.5     0.0      16    64.9    45.0
   1931   2    5.2     1.0       7    92.0    40.0
   1931   3    6.4    -0.7      18    10.8   105.5
   1931   4   10.0     3.8       1    91.5   104.7
   1931   5   14.5     6.8       0    58.9   147.5
   1931   6   16.7     9.8       0   131.0   134.5
   1931   7   18.0    11.8       0    83.3   128.2
   1931   8   16.9     9.9       0    83.7   141.8
   1931   9   14.3     8.3       0    96.9    83.7
   1931  10   12.2     4.6       6    32.0   115.1
   1931  11    9.5     5.0       0   153.1    21.1
   1931  12    7.3     2.4      10    37.5    34.9
   1932   1    8.8     3.1       8    66.0    40.3
   1932   2    5.8     0.4      14    19.4    43.7
   1932   3    7.6     1.2       9    51.6    75.1
   1932   4    9.5     2.4       5    79.7   113.5
   1932   5   12.8     6.4       1   100.1    94.9
   1932   6   17.8     8.8       0    14.6   175.3
   1932   7   19.0    12.4       0   121.1   130.7
   1932   8   19.6    12.4       0    24.4   128.6
   1932   9   15.9     8.7       0    71.4   117.8
   1932  10   11.4     4.7       2   110.6    81.2
   1932  11    8.2     4.0       2    55.8    27.1
   1932  12    7.3     3.6       2    37.3    28.5
   1933   1    4.4    -0.3      16    62.8    22.3
   1933   2    6.1     1.0      10   113.3    65.8
   1933   3   10.1     2.1       3    32.2   125.9
   1933   4   12.3     4.8       1    36.5   112.1
   1933   5   15.6     7.7       0    71.2   135.5
   1933   6   19.5     9.9       0    31.8   208.1
   1933   7   21.4    12.4       0    57.0   201.2
   1933   8   21.1    12.5       0    14.7   197.7
   1933   9   18.9    10.2       0    42.0   149.6
   1933  10   12.3     7.1       0   100.5    69.0
   1933  11    7.6     3.2       2    55.8    41.2
   1933  12    4.2    -0.1      12    14.3    14.8
   1934   1    7.3     1.5       7    68.3    44.9
   1934   2    7.0     1.5       8     3.3    72.9
   1934   3    7.3     1.1       6    67.4    68.2
   1934   4   10.7     3.9       2    72.3   108.2
   1934   5   15.3     6.5       0    47.8   178.0
   1934   6   18.3     9.5       0    42.5   174.1
   1934   7   22.4    12.7       0    55.8   234.9
   1934   8   18.6    10.7       0    45.3   153.6
   1934   9   18.5    10.0       0    46.0   134.4
   1934  10   12.6     7.4       0    74.1    76.4
   1934  11    8.3     3.7       6    39.8    29.0
   1934  12    9.3     5.2       0   140.3     8.8
   1935   1    6.5     1.9       8    38.2    38.3
   1935   2    7.5     2.7       3   111.7    42.0
   1935   3    8.9     3.3       2    29.6    87.3
   1935   4   10.7     3.9       2   105.5   135.3
   1935   5   13.5     4.8       0    21.8   238.0
   1935   6   18.7    10.3       0    79.0   171.3
   1935   7   21.1    11.8       0    15.3   240.0
   1935   8   21.4    11.4       0    33.3   201.6
   1935   9   16.5     9.2       0   155.1   137.5
   1935  10   11.8     6.1       2   176.1    68.8
   1935  11    8.7     3.7       2   163.3    23.5
   1935  12    4.5    -0.2      13    87.5    27.5
   1936   1    5.0     0.5       8    98.9    32.0
   1936   2    3.9    -1.3      17    60.4    43.4
   1936   3    8.8     3.2       3    63.5    40.1
   1936   4    9.4     2.1       7    40.9   160.6
   1936   5   14.5     6.4       0    37.1   153.3
   1936   6   18.1     9.6       0   121.4   172.3
   1936   7   18.4    11.6       0    69.8   152.0
   1936   8   19.4    11.6       0    43.1   166.6
   1936   9   17.1    11.2       0    96.0    77.8
   1936  10   12.5     5.9       0    66.8    93.2
   1936  11    7.9     2.7       8   103.4    38.8
   1936  12    7.7     2.0       6    75.6    31.5
   1937   1    6.9     1.7      10    96.0    15.7
   1937   2    6.8     1.6       6   131.5    61.0
   1937   3    5.0    -0.6      19    84.1    61.6
   1937   4   11.4     5.0       0    63.9    75.5
   1937   5   15.5     7.6       0    62.3   160.7
   1937   6   17.1     9.8       0    42.0   153.1
   1937   7   19.6    12.4       0    54.0   129.1
   1937   8   20.3    11.7       0    28.8   142.5
   1937   9   16.4     8.9       0    37.1   102.5
   1937  10   12.8     7.0       0    52.6    54.1
   1937  11    7.7     2.2       9    43.8    48.4
   1937  12    4.5     0.3      13    75.9    16.3
   1938   1    7.8     3.0       1   109.5    41.1
   1938   2    6.7     2.3       2    34.9    55.2
   1938   3   12.5     5.3       0     9.7   117.4
   1938   4   11.3     3.5       4     5.7   145.1
   1938   5   14.2     6.3       1   104.1   146.5
   1938   6   17.4    10.1       0    78.5   189.6
   1938   7   17.9    10.9       0    92.0   127.2
   1938   8   19.3    11.8       0   119.1   144.8
   1938   9   16.6     9.7       0    41.5    86.4
   1938  10   12.4     7.1       0   165.2    74.8
   1938  11   10.8     6.0       0   108.7    42.1
   1938  12    6.1     1.2      10    93.1    26.3
   1939   1    5.4     0.9      12   178.8    22.7
   1939   2    7.6     2.4       4    75.0    52.7
   1939   3    7.9     2.7       2    62.1    97.4
   1939   4   11.5     4.1       3    28.1   156.4
   1939   5   15.0     6.8       0    27.0   162.1
   1939   6   18.1     8.8       0    63.7   208.1
   1939   7   18.4    11.5       0   149.6   147.7
   1939   8   19.3    12.4       0    35.5   124.3
   1939   9   16.7    10.6       0    30.4    80.6
   1939  10   10.9     4.8       0    50.7    81.2
   1939  11   10.0     5.0       0   120.3    34.5
   1939  12    5.2     1.4       6    48.3    19.0
   1940   1    0.7    -4.9      27    89.7    19.6
   1940   2    3.2    -1.6      16    59.3    17.0
   1940   3    8.9     1.9      11    53.4    92.1
   1940   4   10.4     3.6       3    73.4    89.8
   1940   5   16.9     7.2       0    14.2   193.7
   1940   6   21.8    10.6       0     8.0   280.6
   1940   7   18.4    10.9       0    72.9   152.2
   1940   8   18.5    10.5       0    12.3   150.2
   1940   9   15.8     8.2       0    67.6   136.2
   1940  10   11.7     6.2       1    93.2    52.7
   1940  11    8.6     4.1       1   140.6    32.4
   1940  12    6.0     1.5       6    44.8    24.7
   1941   1    1.4    -2.3      23   120.5    27.2
   1941   2    4.7    -0.8      13    92.5    51.8
   1941   3    7.4     0.9       6    88.9    79.4
   1941   4    8.1     2.6       3    72.9    75.0
   1941   5   12.3     4.8       2    48.5   119.9
   1941   6   19.1     9.3       0     9.8   185.2
   1941   7   22.2    12.5       0    33.0   202.3
   1941   8   17.9    10.9       0    97.3   165.9
   1941   9   17.6    11.2       0     6.2    46.1
   1941  10   12.4     7.2       0    98.0    78.0
   1941  11    8.6     3.0       5    84.8    28.9
   1941  12    7.5     2.7       8    42.4    24.8
   1942   1    2.8    -1.4      22    97.1    18.2
   1942   2    2.1    -3.4      27    41.9    34.8
   1942   3    7.0     0.6      11    69.4    35.2
   1942   4   12.2     3.9       0    49.2   197.2
   1942   5   14.4     6.0       0    89.6   180.6
   1942   6   18.5     8.9       0    29.1   186.6
   1942   7   18.8    10.9       0    56.7   175.7
   1942   8   19.1    12.7       0    89.8   106.6
   1942   9   16.1     8.3       0    43.3   122.5
   1942  10   12.8     7.0       0    71.4    76.1
   1942  11    7.6     2.7       4    33.6    38.3
   1942  12    8.7     3.7       4    56.2    20.4
   1943   1    5.7     0.9      13   121.3    28.9
   1943   2    8.5     3.0       1    35.4    70.0
   1943   3    9.9     2.5       6    21.7   105.6
   1943   4   13.8     6.1       0    33.3   155.2
   1943   5   16.1     5.9       1    65.2   209.5
   1943   6   17.7     9.8       0    56.9   175.5
   1943   7   19.9    10.7       0    40.8   203.3
   1943   8   18.0    11.3       0    77.6   116.6
   1943   9   15.6     9.0       0    87.7   111.0
   1943  10   13.2     6.0       0    51.9    62.6
   1943  11    8.4     3.5       3    64.5    59.1
   1943  12    6.0     1.2       9    48.9    16.1
   1944   1    8.2     2.6       6   123.9    22.1
   1944   2    5.8     0.6      10    43.3    47.2
   1944   3    8.1     1.3       9     8.6    92.3
   1944   4   12.6     5.4       1    69.7   111.0
   1944   5   14.4     6.1       1    45.5   159.4
   1944   6   16.0     8.7       0    59.4   164.0
   1944   7   18.8    12.2       0    78.0   100.0
   1944   8   19.4    11.9       0    75.7   145.3
   1944   9   15.2     8.4       0   125.2   113.7
   1944  10   11.0     5.9       0    95.0    77.4
   1944  11    8.4     2.4       6   149.9    26.9
   1944  12    6.5     1.3       9   119.9    26.0
   1945   1    3.7    -2.5      21    90.5    39.9
   1945   2    9.6     3.4       4   101.8    53.4
   1945   3   11.5     3.8       3    16.6   101.2
   1945   4   13.3     4.7       3    55.8   165.1
   1945   5   15.4     6.9       1    79.5   137.3
   1945   6   17.7     9.8       0    72.7   166.9
   1945   7   20.0    12.1       0    62.5   178.8
   1945   8   18.9    10.9       0    93.7   147.5
   1945   9   17.0    10.1       0    36.4    92.2
   1945  10   14.3     8.2       0   145.8    77.0
   1945  11    8.8     5.0       2     6.8    23.8
   1945  12    7.0     1.8       7    49.0    21.8
   1946   1    5.2    -0.7      18    93.5    18.2
   1946   2    7.4     2.7       7   108.8    88.2
   1946   3    8.1     1.7       8    33.6    94.4
   1946   4   13.1     5.2       0    38.0   138.2
   1946   5   13.7     5.5       1    50.7   175.5
   1946   6   16.5     8.8       0    36.6   203.8
   1946   7   19.7    11.6       0    79.0   180.1
   1946   8   17.2    10.5       0   123.1   140.9
   1946   9   16.1    10.0       0   134.7   106.5
   1946  10   11.3     6.7       1    20.6    55.0
   1946  11    9.8     5.6       0   149.5    24.1
   1946  12    5.4     0.4      14    70.9    35.1
   1947   1    3.6    -0.3      18    66.7    19.4
   1947   2   -0.9    -3.8      28   116.9    26.0
   1947   3    4.4    -0.9      16   148.7    52.0
   1947   4   11.1     4.6       0    88.4   135.9
   1947   5   17.3     7.6       0   108.8   165.2
   1947   6   18.7    10.9       0    68.4   170.9
   1947   7   19.7    12.9       0    43.0   141.2
   1947   8   22.9    12.4       0     6.3   254.8
   1947   9   18.2    10.1       0    41.1   140.2
   1947  10   13.8     7.7       0    22.9    68.3
   1947  11    9.1     3.7       9    94.1    82.9
   1947  12    6.8     2.1       8    81.1    22.0
   1948   1    6.4     2.1       3   204.4    33.7
   1948   2    6.0     1.8       8    69.6    45.5
   1948   3   11.4     3.2       2    33.2   119.7
   1948   4   12.1     4.2       0    59.6   157.4
   1948   5   15.3     5.7       0    26.0   242.9
   1948   6   16.4     9.3       0    72.3   180.2
   1948   7   18.9    11.7       0    26.9   172.8
   1948   8   17.6    11.1       0    95.0   107.4
   1948   9   15.9    10.1       0    30.8    77.5
   1948  10   12.9     6.9       0    29.2    72.0
   1948  11    8.8     3.8       7    32.7    39.6
   1948  12    7.6     2.2       9    83.5    22.2
   1949   1    7.6     2.2       7    36.7    47.0
   1949   2    8.1     1.9       7    61.5    94.6
   1949   3    6.8     1.4      10    26.0    91.3
   1949   4   13.0     5.9       0    72.7   147.8
   1949   5   15.1     6.0       0    62.3   232.5
   1949   6   19.5     9.5       0    10.2   254.6
   1949   7   20.7    11.9       0    84.2   190.3
   1949   8   20.1    12.1       0    73.2   201.8
   1949   9   19.1    11.8       0    20.6   120.8
   1949  10   13.8     8.0       2    78.2    76.3
   1949  11    8.3     3.5       3   120.5    42.4
   1949  12    7.8     2.9       3   144.8    28.0
   1950   1    5.8     1.9      10    51.0    10.6
   1950   2    7.3     1.1       6   146.6    59.0
   1950   3   10.6     3.5       4    33.0   103.0
   1950   4   10.3     3.0       3    73.7   156.6
   1950   5   13.7     6.6       0    48.0   137.6
   1950   6   20.1    11.2       0    13.2   234.6
   1950   7   19.2    11.7       0    78.5   196.6
   1950   8   18.7    11.5       0   128.5   147.5
   1950   9   15.3     9.2       0   114.8   103.7
   1950  10   12.0     6.6       3    41.9    95.0
   1950  11    7.3     2.4       3    95.5    44.1
   1950  12    2.9    -1.3      18    46.0    26.5
   1951   1    5.1     0.7       9    84.3    33.3
   1951   2    5.2     0.5       8    85.9    37.3
   1951   3    5.7     0.0      14    91.7    78.1
   1951   4    9.6     2.5       1    42.8   173.8
   1951   5   12.6     5.3       0   116.8   150.3
   1951   6   17.6     8.8       0    24.1   215.5
   1951   7   19.1    11.6       0    70.2   176.4
   1951   8   17.2    10.7       0   128.4   137.3
   1951   9   16.9    10.1       0    55.7   112.0
   1951  10   12.8     5.6       2    35.3    86.2
   1951  11   10.1     5.2       1   190.9    43.6
   1951  12    7.4     1.6       9   131.4    27.8
   1952   1    4.3    -0.8      19   101.7    52.5
   1952   2    5.7    -0.1      13    18.8    72.2
   1952   3    8.2     2.9       7    52.2    68.6
   1952   4   13.0     4.7       3    43.6   145.8
   1952   5   16.9     8.5       0    42.1   189.2
   1952   6   17.1     9.6       0    44.1   190.7
   1952   7   19.0    12.3       0    34.5   165.8
   1952   8   18.6    11.4       0    96.4   154.4
   1952   9   13.4     7.3       0    70.6    95.8
   1952  10   11.0     5.2       1   108.2    90.2
   1952  11    6.0     1.2       6    38.4    61.8
   1952  12    5.2     0.4      12    76.3    31.4
   1953   1    5.8     1.7      10    11.3    32.2
   1953   2    6.5     1.5      10    61.1    44.5
   1953   3    9.9     1.1      12    33.7   117.2
   1953   4   10.0     2.7       1    61.8   142.2
   1953   5   16.7     7.9       0    40.5   198.6
   1953   6   17.2    10.0       0    74.3   113.5
   1953   7   18.5    11.8       0    74.9   189.1
   1953   8   19.5    11.9       0    73.5   169.5
   1953   9   16.9     9.9       0    72.7   128.1
   1953  10   12.7     5.2       1    54.7    71.5
   1953  11   10.3     6.0       0    88.9    25.5
   1953  12    8.4     4.2       1    44.5    18.2
   1954   1    4.6    -0.1      17    71.1    40.3
   1954   2    3.6    -0.7      13    80.5    33.9
   1954   3    7.4     1.9       4    56.6    83.2
   1954   4   10.9     3.6       1    11.3   132.7
   1954   5   14.5     6.9       0    76.5   113.9
   1954   6   15.7     9.6       0    42.3   133.6
   1954   7   16.5    10.3       0    45.5   133.6
   1954   8   16.6    10.6       0   190.4    91.4
   1954   9   15.5     8.4       0    90.9   158.2
   1954  10   14.0     8.4       1   138.7    67.6
   1954  11    9.0     3.4       4   145.5    51.6
   1954  12    8.1     3.6       6    98.3    27.2
   1955   1    4.3    -0.4      12    46.6    29.4
   1955   2    2.7    -1.7      18    59.6    64.1
   1955   3    5.7    -0.7      20    65.8   126.0
   1955   4   12.5     5.3       0    22.8   149.7
   1955   5   12.1     4.8       1    65.2   194.0
   1955   6   16.4     8.6       0    46.7   155.8
   1955   7   22.4    11.7       0    25.8   250.6
   1955   8   21.5    12.9       0    20.8   168.3
   1955   9   17.2    10.0       0    33.9   147.4
   1955  10   12.3     5.3       5    55.0   113.8
   1955  11    9.2     4.1       6    65.9    36.7
   1955  12    7.5     1.9      10   113.5    35.5
   1956   1    5.1     0.6      11   124.2    42.0
   1956   2    2.5    -3.0      22    33.6    71.0
   1956   3    8.0     1.9       7    29.2    93.9
   1956   4    9.6     1.8       4    71.8   128.3
   1956   5   15.5     6.6       0    26.5   248.5
   1956   6   15.7     9.1       0    55.5   156.6
   1956   7   17.6    11.6       0   115.5   130.2
   1956   8   15.6     9.7       0   171.7   113.0
   1956   9   16.8    10.5       0    87.4    94.8
   1956  10   12.0     6.2       1    45.6   102.2
   1956  11    8.3     3.5       3    29.4    48.9
   1956  12    7.3     3.0       7   100.3    11.0
   1957   1    7.7     2.3       7    60.2    32.6
   1957   2    6.9     1.0      12    86.0    69.9
   1957   3   11.1     5.0       1    55.4    68.9
   1957   4   11.7     4.1       1     6.6   142.0
   1957   5   13.9     5.9       0    35.6   197.7
   1957   6   19.5     8.7       0    42.0   300.1
   1957   7   18.7    12.3       0    71.8   125.4
   1957   8   17.4    11.5       0   130.9   119.7
   1957   9   14.5     9.0       0   110.9   127.2
   1957  10   13.5     6.9       0    80.6    87.9
   1957  11    8.2     4.3       2    51.6    41.3
   1957  12    6.4     1.3      10    91.4    18.7
   1958   1    4.9    -0.2      16    92.0    36.7
   1958   2    6.2     0.8      14   142.2    67.8
   1958   3    5.4     0.1      15    49.1    88.8
   1958   4   10.4     3.0       6    19.8   137.5
   1958   5   13.8     6.5       0   103.0   141.7
   1958   6   16.4     9.1       0   122.4    98.1
   1958   7   18.5    11.5       0   100.9   159.6
   1958   8   18.8    12.0       0    73.9   122.0
   1958   9   17.7    11.2       0    84.4    95.6
   1958  10   13.1     7.1       0    74.9   103.3
   1958  11    8.1     2.8       6    19.2    36.8
   1958  12    6.0     1.5       8   111.4    17.2
   1959   1    3.5    -2.2      22    76.1    51.5
   1959   2    6.8     2.1       9     4.5    35.3
   1959   3    9.4     3.5       1    38.4    67.6
   1959   4   12.3     5.1       0    92.3   130.7
   1959   5   16.6     7.2       0    30.3   208.9
   1959   6   18.6    10.2       0    52.3   206.5
   1959   7   20.4    12.2       0    49.8   206.0
   1959   8   20.8    12.2       0    13.2   204.3
   1959   9   18.6     9.7       0     5.9   140.3
   1959  10   15.5     8.1       0    93.4    88.2
   1959  11    9.0     3.9       5   115.6    27.7
   1959  12    7.4     3.0       0   171.7    15.2
   1960   1    5.6     0.8      11   132.6    26.0
   1960   2    5.8     0.2      14    68.0    70.0
   1960   3    7.0     2.7       1    49.2    46.8
   1960   4   12.5     4.8       1    38.3   143.9
   1960   5   16.5     7.8       0    34.2   172.3
   1960   6   20.4    10.7       0    30.1   266.0
   1960   7   18.0    10.8       0   110.8   139.8
   1960   8   18.1    10.9       0   109.5   168.2
   1960   9   15.7     9.5       0    79.6   113.5
   1960  10   11.7     7.4       0   132.2    40.7
   1960  11    8.7     3.7       1   164.1    50.7
   1960  12    5.7     1.3       9    99.8    33.3
   1961   1    4.9     0.1      10   128.6    22.7
   1961   2    8.6     3.6       0    76.3    49.1
   1961   3   11.5     4.7       1    15.6   119.3
   1961   4   12.4     5.2       0   111.3    86.0
   1961   5   13.8     6.3       0    55.8   160.4
   1961   6   17.7     9.8       0    36.6   186.6
   1961   7   17.4    10.5       0   103.4   136.9
   1961   8   18.3    10.7       0    76.9   184.6
   1961   9   18.2    10.5       0    73.9   105.5
   1961  10   13.4     7.0       0    82.0    95.7
   1961  11    8.3     3.4       5    56.9    47.6
   1961  12    3.5    -1.6      22   107.0    23.7
   1962   1    6.7     0.9       7   100.4    48.9
   1962   2    6.5     1.4       8    66.7    66.1
   1962   3    5.4    -1.4      19    41.4   108.6
   1962   4   10.4     3.6       0    70.6   162.8
   1962   5   13.4     5.9       0    61.6   165.4
   1962   6   17.3     8.8       0    12.5   188.4
   1962   7   17.2    10.5       0    72.7   105.7
   1962   8   16.6    10.6       0    96.7   142.3
   1962   9   15.1     8.9       0    96.1    92.7
   1962  10   12.9     7.1       2    24.2    78.8
   1962  11    7.5     2.7       6    34.5    40.9
   1962  12    4.1    -1.9      16    63.4    31.8
   1963   1    0.8    -3.7      27    35.8    31.0
   1963   2    1.0    -3.6      27    21.2    44.7
   1963   3    8.3     2.2       6    83.4    84.5
   1963   4   10.4     4.4       0    57.0    96.2
   1963   5   13.8     6.0       0    32.4   167.0
   1963   6   17.9    10.2       0    99.6   187.5
   1963   7   18.6    10.3       0    94.3   152.3
   1963   8   16.6    10.2       0    59.4   113.0
   1963   9   16.1     8.8       0    69.6   147.4
   1963  10   13.3     7.4       0    58.3    87.9
   1963  11    9.4     5.0       3   160.9    28.4
   1963  12    5.1     0.6      12    30.7    26.5
   1964   1    5.5     0.9      11    33.6    32.8
   1964   2    6.0     1.5      10    29.4    46.2
   1964   3    5.0     1.1       9   113.8    41.9
   1964   4   11.6     5.2       1    54.6   118.8
   1964   5   17.0     8.2       0    58.5   206.4
   1964   6   16.2     9.6       0    64.8   124.8
   1964   7   18.4    11.6       0    51.6   162.9
   1964   8   18.6    10.7       0    60.0   170.9
   1964   9   17.4     9.5       0    33.8   141.4
   1964  10   11.6     5.2       0    47.4   100.0
   1964  11    9.3     4.7       1    40.7    47.4
   1964  12    5.4    -0.2      15   109.2    29.7
   1965   1    5.2     0.6      15   110.0    45.6
   1965   2    5.3     1.1       8    16.2    29.3
   1965   3    7.9     0.5      13    75.2   111.8
   1965   4   11.1     3.9       1    56.2   150.4
   1965   5   14.7     7.0       0    46.9   141.4
   1965   6   18.2    10.0       0    58.7   171.3
   1965   7   16.3    10.1       0    71.9   101.9
   1965   8   18.0*   10.6       0    67.3   134.1
   1965   9   15.0*    8.8       0   162.9    75.1
   1965  10   13.2     7.7       0    52.3    69.0
   1965  11    5.6     1.3      12   119.3    57.7
   1965  12    6.0     1.3       9   182.3    42.3
   1966   1    4.0     0.4      16    47.2    17.9
   1966   2    6.1     2.0      11   165.8    30.9
   1966   3    9.1     3.2       4    34.5   104.8
   1966   4    7.9     2.9       6   121.1    80.8
   1966   5   14.9     6.6       0   106.2   204.4
   1966   6   18.6    11.0       0    94.0   132.8
   1966   7   17.7    10.8       0    54.6   160.9
   1966   8   17.5    10.3       0   161.2   137.7
   1966   9   16.6    10.0       0    47.8   101.0
   1966  10   12.2     6.5       1    88.7    71.0
   1966  11    7.6     2.8       4    86.1    43.3
   1966  12    6.9     1.9       6   104.8    37.6
   1967   1    6.1     1.4      10    53.4    54.5
   1967   2    7.3     2.7       5   101.2    64.1
   1967   3    9.0     3.7       1    52.0   146.4
   1967   4   10.3     4.1       2    34.4    94.6
   1967   5   12.5     5.6       2   123.5   115.2
   1967   6   18.3     9.2       0    68.9   223.6
   1967   7   19.7    12.0       0    55.5   182.4
   1967   8   18.5    11.4       0   107.5   107.1
   1967   9   16.0     9.4       0    98.2   102.5
   1967  10   12.8     7.3       0   161.4   108.6
   1967  11    7.6     1.9      11    75.5    43.6
   1967  12    6.3     1.3      12    44.2    44.0
   1968   1    6.2     1.5      10    60.9    29.9
   1968   2    3.8    -1.0      17    48.5    59.4
   1968   3    9.2     2.7       6   140.3   100.6
   1968   4   12.0     3.5      10    55.2   159.6
   1968   5   12.8     5.2       0    88.7   119.0
   1968   6   18.5    10.0       0    77.4   191.8
   1968   7   17.4    10.8       0    90.8    92.7
   1968   8   18.3    11.3       0    49.6   128.4
   1968   9   16.2    10.1       0   209.6    77.7
   1968  10   14.4     9.3       0    80.8    61.3
   1968  11    7.7     3.9       3    83.8    26.0
   1968  12    4.6     0.6      15    62.6    24.7
   1969   1    6.9     2.2       8    69.9    26.9
   1969   2    1.9    -2.6      20    76.8    55.6
   1969   3    4.0    -0.3      19   113.8    58.9
   1969   4   10.6     2.6       6    93.8   161.0
   1969   5   13.7     6.9       0   100.8   108.6
   1969   6   17.9     8.6       0    82.9   234.4
   1969   7   20.3    11.8       0    40.9   194.5
   1969   8   19.4    12.2       0    56.5   133.7
   1969   9   16.9    10.1       0    54.2    96.7
   1969  10   15.3     9.4       0    12.8    74.2
   1969  11    6.9     1.4      12   158.0    60.9
   1969  12    5.2     0.8      14    69.9    23.4
   1970   1    5.1     0.1      11   115.7    20.9
   1970   2    5.0    -0.6      14    99.9    84.5
   1970   3    6.4     0.2      13    55.9   114.1
   1970   4    9.3     2.9       5   100.2   128.2
   1970   5   16.4     8.0       0    12.6   189.1
   1970   6   20.7    10.5       0    32.0   235.5
   1970   7   18.0    11.3       0    71.9   146.1
   1970   8   19.6    11.8       0    55.0   163.8
   1970   9   16.9    10.2       0    45.5   112.6
   1970  10   13.3     6.5       0    73.4    95.9
   1970  11    9.1     3.9       1   150.1    41.9
   1970  12    6.1     2.0      10    43.5    32.5
   1971   1    6.5     1.4       9    56.5    19.1
   1971   2    7.0     1.9       6    62.2    60.6
   1971   3    7.7     2.1       7    46.9    87.1
   1971   4   10.5     3.4       3    58.4    86.4
   1971   5   15.5     6.4       0    77.1   186.0
   1971   6   14.9     8.0       0    72.6   128.8
   1971   7   20.9    11.7       0    40.0   206.6
   1971   8   18.4    11.1       0    95.2   127.0
   1971   9   18.0     9.5       0    17.2   136.9
   1971  10   14.2     7.3       0    81.0   105.5
   1971  11    8.7     2.5      10    55.6    67.6
   1971  12    8.5     4.1       3    31.6    36.5
   1972   1    5.2     1.0       9   110.6    33.2
   1972   2    5.5     1.1       7    75.3    30.7
   1972   3    8.7     2.0       5    80.9   109.5
   1972   4   11.0     4.6       0    59.3   118.6
   1972   5   13.7     6.4       0   108.3   139.7
   1972   6   14.9     7.9       0    66.9   137.9
   1972   7   18.6    10.9       0    59.8   149.9
   1972   8   18.2    10.7       0    31.5   167.9
   1972   9   14.6     7.4       0    35.8    98.3
   1972  10   13.0     6.9       0    14.5    65.9
   1972  11    8.7     3.2       6   106.0    60.0
   1972  12    7.7     2.1       4   100.3    16.7
   1973   1    6.0     2.2       7    35.6    24.6
   1973   2    6.9     1.2      11    60.5    93.2
   1973   3   10.0     3.1       4    19.0   109.0
   1973   4    9.9     2.9       3    77.6   153.8
   1973   5   14.5     6.9       0    69.0   151.7
   1973   6   18.8    10.0       0    23.7   199.9
   1973   7   19.0    11.4       0   140.2   119.9
   1973   8   19.2    11.0       0    64.7   150.9
   1973   9   16.5     9.6       0    90.9   100.0
   1973  10   11.7     5.1       3    51.5    67.0
   1973  11    8.0     1.7      11    39.3    79.3
   1973  12    7.0     1.2      10    63.1    31.3
   1974   1    8.1     2.0       4   111.5    43.3
   1974   2    7.4     2.3       5   104.2    41.9
   1974   3    7.9     1.6       4    63.3    90.8
   1974   4   10.5     3.5       0    12.7   125.4
   1974   5   14.4     6.4       0    34.6   175.7
   1974   6   16.7     9.1       0    56.1   170.0
   1974   7   17.8    11.2       0    75.2   145.1
   1974   8   18.6    11.0       0    76.2   161.8*
   1974   9   14.6     8.4       0   116.6   120.3*
   1974  10    9.9     4.6       1    66.4    71.3*
   1974  11    8.4     3.2       2   104.7    46.5
   1974  12    9.8     4.9       2    92.3    34.5
   1975   1    8.9     3.8       1    98.3    39.1
   1975   2    5.9     1.4       8    23.8    29.3
   1975   3    7.3     1.2       8    42.3   105.2
   1975   4   11.4     4.7       4    56.0   117.9
   1975   5   12.8     5.1       0    30.0   189.0
   1975   6   19.0     8.8       0    18.4   246.7
   1975   7   20.2    12.3       0    99.3   167.6
   1975   8   23.1    13.3       0    66.6   220.5
   1975   9   16.2     8.8       0    91.8   134.5
   1975  10   12.6     5.5       0    42.2    92.1
   1975  11    8.4     2.7       5    37.7    69.4
   1975  12    7.6     2.9       6    39.3    32.5
   1976   1    7.2     3.0       9   102.1    38.2
   1976   2    6.3     1.6       8    40.5    34.3
   1976   3    6.7     1.0      11    56.5    89.7
   1976   4   10.6     3.8       4    17.8   116.1
   1976   5   14.6     7.4       0    98.6   134.0
   1976   6   20.6    11.2       0    15.5   221.9
   1976   7   22.4    12.1       0    26.4   245.7
   1976   8   22.0    11.3       0    17.3   208.8
   1976   9   15.6     9.0       0   177.7    75.3
   1976  10   12.5     7.2       0   170.9    58.9*
   1976  11    8.2     2.4       5    43.4    62.6
   1976  12    3.4    -0.5      13    74.8    45.8
   1977   1    4.2    -0.6      17    87.9    41.4
   1977   2    5.8     1.0       6   167.6    52.1
   1977   3    9.1     2.8       5    56.1    79.3
   1977   4    9.9     3.0       4    59.2   162.7
   1977   5   13.8     5.6       0    49.5   195.3
   1977   6   15.6     7.8       0    84.9   169.0
   1977   7   18.5    11.3       0    21.8   168.1
   1977   8   18.5    10.9       0    65.4   138.4
   1977   9   15.3     9.2       0    40.9   108.8
   1977  10   13.2     7.9       0    53.1    75.3
   1977  11    8.1     3.2       2   126.0    64.3
   1977  12    7.2     3.2       2    74.4    28.6
   1978   1    4.8     0.1      13   103.6    38.2
   1978   2    4.1    -0.9      17    67.4    41.4*
   1978   3    9.5     2.7       6    90.3     ---
   1978   4    8.9     2.7       4    50.3    92.2
   1978   5   15.2     6.5       0    41.8   180.3
   1978   6   16.6     9.0       0    48.8   152.5
   1978   7   17.7    10.4       0    45.0   143.0
   1978   8   17.7    11.3       0    67.9   107.8
   1978   9   16.0    10.3       0    89.9   100.7
   1978  10   14.4     8.4       0    13.2    73.6
   1978  11   10.9     5.3       5    56.3    74.5
   1978  12    4.5    -0.1      17   195.3    15.1
   1979   1    2.1    -3.7      28    73.7    42.6
   1979   2    2.5    -1.8      22    73.8    57.3
   1979   3    6.4     1.3       8   134.7    77.0
   1979   4   10.1     3.4       2    89.4    98.4
   1979   5   13.2     5.2       4   103.3   145.1
   1979   6   18.0     9.5       0    44.7   165.1
   1979   7   18.9    11.2       0    20.7   148.8
   1979   8   17.9    10.8       0    98.7   151.3
   1979   9   16.4     9.1       0    28.3   150.8
   1979  10   13.7     7.1       0    54.8    84.9
   1979  11    9.4     2.9       8    99.2    59.1
   1979  12    7.1     2.4       6   157.5    24.9
   1980   1    4.1    -0.4      15    89.1    32.7
   1980   2    6.9     2.4       6   101.3    15.6
   1980   3    6.9     0.9      10   118.3    85.3
   1980   4   12.5     4.1       3     8.2   149.5
   1980   5   15.0     5.4       0    19.2   211.7
   1980   6   16.7     9.2       0   145.4   118.3
   1980   7   17.8    10.4       0    26.3   128.7
   1980   8   18.6    11.5       0   125.8   137.5
   1980   9   17.5    10.9       0    55.1   124.7
   1980  10   11.2     4.8       3   152.3    98.3
   1980  11    8.4     3.5       7    90.7    41.6
   1980  12    7.9     2.4       6    64.8    30.3
   1981   1    6.8     1.5      11    63.8    40.5
   1981   2    5.0     0.3      16    79.3    52.3
   1981   3    9.5     3.6       3   132.6    51.4
   1981   4   10.0     3.4       2    66.2   109.8*
   1981   5   14.9     7.3       1    75.3   153.1*
   1981   6   16.3     9.3       0    40.3   141.3*
   1981   7   18.7    11.5       0    23.1   150.7*
   1981   8   19.3    11.4       0    51.9   145.4
   1981   9   18.3    10.2       0   120.9   164.3
   1981  10   10.7     3.7       4   122.0   112.3
   1981  11   10.1     3.5       2    80.8    51.0
   1981  12    2.2    -4.2      25    63.6    33.3
   1982   1    5.0    -0.9      15    45.7    36.5
   1982   2    7.4     1.0       9    23.5    49.3
   1982   3    9.1     1.8       1   112.8   135.4
   1982   4   12.7     3.4       3    20.7   166.4
   1982   5   15.8     5.7       1    35.4   210.4
   1982   6   17.7    10.6       0   195.6    94.1
   1982   7   19.6    11.8       0     8.4   133.2
   1982   8   18.7    11.5       0    66.7   146.3
   1982   9   17.8     9.6       0    51.4   112.7
   1982  10   12.7     6.6       0    57.7    58.4
   1982  11    9.5     4.5       5   156.5    41.3
   1982  12    6.5     0.8      14    96.4    27.1
   1983   1    8.4     3.1       5   121.5    39.9
   1983   2    3.3    -1.3      21    34.3    46.4
   1983   3    8.5     3.2       3    70.5    68.6
   1983   4    9.2     2.3       4   130.9    99.1
   1983   5   13.1     5.9       0   118.9    89.4
   1983   6   17.0     9.5       0    33.0   128.8
   1983   7   22.8    13.4       0    96.4   146.8
   1983   8   21.2*   11.9       0    47.2   180.2
   1983   9   15.7     9.7       0    72.4    94.1
   1983  10   12.8     6.7       4    81.3    88.6
   1983  11    9.3     4.2       6    36.3    38.5
   1983  12    8.0     2.7       6   166.8    32.5
   1984   1    5.0     0.0      14   179.6    42.3
   1984   2    5.4     0.3      11    65.5    38.8
   1984   3    6.8     1.8       2    52.5    46.5
   1984   4   12.2     3.0       6    12.0   181.8
   1984   5   14.1     5.1       1    32.5   162.1*
   1984   6   17.9     9.9       0    38.6   167.4
   1984   7   21.2    11.4       0    15.2   214.5*
   1984   8   21.5    12.3       0    49.6   168.6*
   1984   9   15.7     9.8       0   131.6    88.8*
   1984  10   13.9     7.4       0   105.6    86.8*
   1984  11    9.4     5.6       0   156.4    36.0*
   1984  12    7.1     2.3       7    45.7    32.9*
   1985   1    3.2*   -1.7*     23*   84.1    26.4*
   1985   2    5.0*   -0.6*     15*    7.1    56.0*
   1985   3    7.6*    1.1*     12*   54.6   102.6*
   1985   4   10.8*    4.4*      2*   85.0   103.2*
   1985   5   13.7*    6.2*      0*   70.1*  124.9*
   1985   6   15.7*    8.2*      0*   47.8*  155.4*
   1985   7   19.1    12.0       0    51.7   135.7
   1985   8   17.2    11.0       0    98.9   135.2
   1985   9   17.5    10.6       0    41.6   102.2
   1985  10   13.7     8.3       0    30.7    79.0
   1985  11    6.1     0.5      12    60.0    60.0
   1985  12    7.7     3.2       8    90.1    20.5
   1986   1    5.1     0.1      14   145.7    44.5
   1986   2    0.6    -2.8      24    22.2    51.0
   1986   3    7.8     1.5       5    77.6   108.5
   1986   4    8.2     2.2       2   129.5    90.3
   1986   5   14.6     7.4       0    86.4   166.4
   1986   6   18.2     9.8       0    40.4   168.0
   1986   7   18.6    11.5       0    38.7   144.9
   1986   8   15.9     9.3       0   128.9   117.2
   1986   9   15.2     6.9       0     7.1   167.3
   1986  10   13.5     6.9       0    84.4    93.4
   1986  11   10.5     4.6       0    87.8    69.2
   1986  12    8.2     2.9       3   140.7    37.4
   1987   1    2.9    -1.5      19    37.1    31.0
   1987   2    6.2     0.3      14    46.2    48.2
   1987   3    6.6     1.1      13    94.0    90.0
   1987   4   13.3     6.0       0    67.4   126.8
   1987   5   13.5     5.7       0    29.4   170.1
   1987   6   15.1     9.0       0   104.4    79.0
   1987   7   18.7    11.8       0    68.9   141.3
   1987   8   18.0    11.8       0    55.9   104.9
   1987   9   16.5     9.3       0    57.6   133.5*
   1987  10   12.0     5.8       0   113.7    81.1
   1987  11    8.2     4.3       3    69.6    36.3
   1987  12    7.5     3.4       6    48.2    19.4
   1988   1    7.0     1.9       3   134.5    38.9
   1988   2    7.1     1.8       6    89.4    84.1
   1988   3    8.6     2.4       6    85.7    84.2
   1988   4   11.1     4.5       2    35.0    94.6
   1988   5   15.1     6.9       0    54.7   164.0*
   1988   6   18.0    10.1       0    58.6   139.8*
   1988   7   17.6    11.4       0   124.6   120.9*
   1988   8   18.1    11.4       0    88.0   161.5*
   1988   9   15.3     9.1       0    41.8   130.8*
   1988  10   12.5     6.8       2   115.5    96.6
   1988  11    8.3     2.0       9    43.6    83.8
   1988  12    9.4     4.9       1    53.5    46.7
   1989   1    8.9     3.7       2    27.1    56.3
   1989   2    8.6     2.9       2    92.1    98.0
   1989   3   10.4     3.5       4    78.6    95.8
   1989   4    8.8     2.8       4    90.9    91.1
   1989   5   17.0     7.6       0    23.9   219.0
   1989   6   19.0     9.2       0    75.0   203.0
   1989   7   21.4    12.5       0    39.9   229.5
   1989   8   19.6    11.5       0    27.0   184.7
   1989   9   17.7    10.1       0    12.4   118.1
   1989  10   13.8     7.6       0    85.8    73.0
   1989  11    8.5     3.7       5    53.2    54.6
   1989  12    6.9     2.4       3   101.4    14.0
   1990   1    8.7     3.4       0   153.9    43.2
   1990   2    9.3     3.9       1   131.1    62.0
   1990   3   11.3     4.6       4    32.3   112.4
   1990   4   11.9     3.2       4    28.0   173.2
   1990   5   16.5     6.8       0    37.4   170.8
   1990   6   16.4     9.3       0    69.9    90.6
   1990   7   20.3    11.0       0    45.6   231.2
   1990   8   21.4    12.3       0    46.2   159.9
   1990   9   15.6     8.2       0    34.7   105.9
   1990  10   13.7     7.9       0   109.0    58.7
   1990  11    8.7     3.8       2    57.4    50.6
   1990  12    6.5     1.3       4   121.0    25.8
   1991   1    5.3    -0.5      16   106.0    45.7
   1991   2    4.9    -1.9      21    80.1    47.5
   1991   3   10.2     4.4       2    71.5    36.0
   1991   4   11.0     4.0       1    56.0   118.3
   1991   5   13.8     6.7       0     8.5    95.1
   1991   6   14.8     7.7       0   136.1   108.1
   1991   7   21.2    12.6       0    30.7   158.4
   1991   8   20.8    11.8       0    16.9   163.0
   1991   9   18.2     9.5       0    35.9   153.6
   1991  10   12.2*    7.0       0    65.5    68.0
   1991  11    8.8     3.2       4   105.6    51.3
   1991  12    7.4     1.9       9    97.4    14.1
   1992   1    6.0     0.6      15    62.0    30.2
   1992   2    8.5     2.6       4    45.9    57.5
   1992   3    9.7     3.7       0    94.9    68.7
   1992   4   11.5     4.9       1    55.3   102.5
   1992   5   17.0     7.9       0    32.2   203.5
   1992   6   19.7    10.8       0    30.9   176.7
   1992   7   19.2    11.8       0    50.3   147.5
   1992   8   18.0    10.7       0   110.2   161.5
   1992   9   15.5     9.2       0    69.0    94.2
   1992  10    9.7     4.1       6    79.6    67.7
   1992  11    9.8     2.9       5   124.9    32.6
   1992  12    5.8     1.1      12    75.7     7.2
   1993   1    8.1     1.7       4   119.4    17.5
   1993   2    6.9     2.4       5    13.7    42.4
   1993   3    9.4     2.6       6    12.9    83.5
   1993   4   12.1     5.6       0   105.5   104.5
   1993   5   14.4*    6.6       0    94.2   133.0
   1993   6   18.5    10.0       0    36.8   161.9
   1993   7   18.0    11.3       0    59.2   147.9
   1993   8   18.2     9.8       0    69.0   139.3
   1993   9   15.1     8.5       0   161.9    82.0
   1993  10   10.6     4.3       6    51.2    79.8
   1993  11    6.2     1.2      14    44.4    26.9
   1993  12    7.2     1.7      11   183.7    17.6
   1994   1    7.0     1.4       9   130.6    31.7
   1994   2    4.4    -0.6      15    83.0    37.0
   1994   3    9.7     3.8       0    84.2   112.5
   1994   4   11.9     4.5       3    69.0   159.7
   1994   5   13.9     5.9       0    41.0   122.3
   1994   6   17.9     9.9       0    21.4   171.2
   1994   7   22.1    12.2       0    42.5   173.7
   1994   8   18.4    11.2       0    54.8   146.5
   1994   9   14.7     8.3       0    92.2   102.6
   1994  10   12.7     6.2       1    80.0    91.3
   1994  11   11.2     6.4       0   120.1    49.8
   1994  12    8.7     3.0       6   147.8    49.0
   1995   1    6.5*    0.8      10   141.0    49.2
   1995   2    8.5     2.7       4   122.8    79.6
   1995   3    7.9     1.5       9    74.7   138.4
   1995   4   12.0     4.1       4    28.4   169.5
   1995   5   15.6     6.5       2    55.9   179.8*
   1995   6   17.6     9.4       0    11.0   169.7
   1995   7   22.7    13.7       0    16.6   208.8
   1995   8   23.3    12.3       0     6.7   239.4
   1995   9   16.7     9.5       0    67.7   107.4
   1995  10   15.8     8.2       0    22.9   114.3
   1995  11    9.9     4.3       6    41.8    53.5
   1995  12    3.9     0.1      16    57.4    27.3
   1996   1    5.1     2.1       8    42.4    10.3
   1996   2    4.8    -0.3      17    67.3    75.7
   1996   3    5.4     1.4       7    39.4    28.2*
   1996   4   12.1     4.6       5    55.2    83.8
   1996   5   12.4     4.9       2    49.5   145.8
   1996   6   17.9     9.2       0    64.9   217.8*
   1996   7   20.1    11.2       0    39.9   217.8
   1996   8   20.2*   12.1       0   102.4   165.6
   1996   9   16.1*    9.7       0    33.4    94.5*
   1996  10   14.4     7.7       0    67.4    96.7
   1996  11    7.9     2.4      13   136.3    78.2
   1996  12    4.7     0.8       9    97.1    35.1
   1997   1    5.2     0.1      16     6.3    38.1
   1997   2    9.0     3.4       1   119.9    71.0
   1997   3   11.2     4.7       2    35.9   108.8*
   1997   4   12.0     4.7       3    25.6   126.7
   1997   5   15.4     6.3       0    61.6   205.1
   1997   6   16.6     9.8       0   143.0   120.9
   1997   7   20.7    12.1       0    60.3   192.1
   1997   8   22.1    13.4       0    63.3   169.1
   1997   9   16.4    10.1       0    21.6   121.6
   1997  10   12.6     5.9       4    44.5   101.6
   1997  11   10.1     5.7       0    92.2    25.0
   1997  12    8.0     3.3       6   105.1    25.5
   1998   1    7.1     2.2       5   142.6    41.8
   1998   2   10.3     5.2       4    25.9    67.7
   1998   3   10.6     4.1       2   111.7    75.6
   1998   4   10.4     3.9       4   124.2   100.9
   1998   5   16.7*    7.9*      0*   46.0   164.2
   1998   6   16.9    10.2       0   133.9   105.7
   1998   7   18.0    11.5       0    53.5   137.1
   1998   8   19.1*   11.3       0    44.5   157.2*
   1998   9   17.2    10.8       0    75.7    88.8*
   1998  10   12.8     6.7       1   148.7   104.1
   1998  11    8.8     2.7       5    74.3    62.5
   1998  12    8.3     2.1       7    61.9    38.2
   1999   1    8.0     2.6       4   109.1    49.6*
   1999   2    7.7     2.4       7    49.8    78.4
   1999   3   10.0     3.8       2    76.4   101.8
   1999   4   12.9     5.3       3    77.9   129.0
   1999   5   16.5     8.5       0    79.9   142.1
   1999   6   17.2*    9.0       0    75.8   161.9
   1999   7   21.5    12.9       0    23.3   207.9
   1999   8   19.5    11.8       0    58.7   115.4
   1999   9   19.7    11.0       0   113.1   162.8
   1999  10   13.6     7.1       0    93.3    87.7*
   1999  11   10.2     5.0       3    33.5    64.0
   1999  12    7.1     1.5       9   180.4    44.0*
   2000   1    7.6     2.3       4    71.6    63.9*
   2000   2    8.9     3.0       4    72.0    81.9
   2000   3   10.5     3.7       5    53.2   115.1
   2000   4   11.3     3.8       4   120.7   116.0
   2000   5   16.0     7.0       0    50.3   164.6*
   2000   6   18.0*   10.5*      0*   76.0   154.7
   2000   7   18.1    10.7       0    44.9   112.8
   2000   8   20.1    11.9       0    63.9   160.0*
   2000   9   17.4    10.2       0   139.9    96.9*
   2000  10   13.0     6.7       0   158.5    92.6
   2000  11    8.8     3.8       0   168.2    45.9
   2000  12    7.1     2.8       7   123.3    38.4*
   2001   1    5.3     0.3      15    53.3    71.7
   2001   2    7.1     0.1      15    93.4    84.8
   2001   3    7.6     0.7       9    47.9   101.1*
   2001   4   10.6     3.5       1    88.8   109.9
   2001   5   16.8     7.2       0    50.5   204.4
   2001   6   17.2     9.4       0    40.3   148.2*
   2001   7   20.6    12.4       0    32.0   164.6*
   2001   8   20.1    12.1       0    78.5   153.1*
   2001   9   15.8     9.8       0    80.3    79.5*
   2001  10   15.8    10.0       0   127.4    99.5*
   2001  11   10.5     4.2       2    36.1    53.4*
   2001  12    6.5     0.4      15    54.8    46.8*
   2002   1    8.2     2.3       7    70.9    31.0*
   2002   2    9.3     3.4       1   191.8    63.0*
   2002   3   10.7     3.6       2    46.0   113.9*
   2002   4   13.2     4.7       3    45.4   187.7
   2002   5   15.4     8.2       0    68.6   148.5*
   2002   6   17.8    10.8       0    49.2   147.8*
   2002   7   19.1    11.5       0   114.6   135.0
   2002   8   20.2    13.0       0   120.4   135.7
   2002   9   17.5    10.3       0    20.2   130.6*
   2002  10   12.4     5.9       2   112.8    79.2
   2002  11   10.0     5.2       0   108.1    36.0*
   2002  12    6.5     3.1       3   136.2    32.5*
   2003   1    6.8     1.9       9    49.1    71.1*
   2003   2    6.5     0.0      16    38.7    89.8
   2003   3   11.5     2.6       4    44.5   162.6*
   2003   4   14.1     5.0       3    53.3   190.1
   2003   5   15.9     8.1       0    80.7   167.3
   2003   6   19.9    11.3       0    81.8   188.9*
   2003   7   21.2    13.5       0    60.2   101.8
   2003   8   21.6    12.8       0     9.6   179.9*
   2003   9   18.6     8.9       0    34.6   142.0*
   2003  10   12.1     5.6       1    35.2   120.8
   2003  11   10.5     4.8       3    71.2    50.6*
   2003  12    7.3     1.2      16    76.2    48.2*
   2004   1    7.4     2.6       7   116.7    52.2
   2004   2    7.9     2.8       8    53.3    87.4*
   2004   3    9.5     3.0       4    44.3    93.3
   2004   4   12.8     6.0       1    84.0    98.9
   2004   5   16.0     7.3       0    38.7   184.4*
   2004   6   18.7    10.8       0    56.5   174.6
   2004   7   18.9    11.6       0    40.8   140.5
   2004   8   20.5    13.3       0   189.9   148.9*
   2004   9   17.6    10.6       0    35.4   162.8
   2004  10   12.9     7.1       0   122.2    93.5*
   2004  11   10.0     4.9       4    35.3    44.8
   2004  12    8.2     2.6       5    49.9    51.3
   2005   1    8.8     3.0       5    84.8    34.8
   2005   2    6.7     1.9       9    51.6    69.0
   2005   3    9.7     4.1       3    22.9    65.1*
   2005   4   12.4     4.4       2    96.7   130.2
   2005   5   15.2     6.6       0    37.8   208.7
   2005   6   19.3    10.7       0    35.8   172.7
   2005   7   20.3    12.5       0    65.2   154.9
   2005   8   20.1    11.6       0    47.5   168.6
   2005   9   18.3    10.6       0    66.4   134.4
   2005  10   15.1     9.9       0   103.8    52.7*
   2005  11    9.4     2.9      11    59.8    94.4
   2005  12    7.2     1.3      12    53.8    41.4
   2006   1    6.3     1.9       7    16.3    29.0
   2006   2    6.5     1.5       9    40.4    71.3
   2006   3    7.4     1.1      12   113.2    87.2
   2006   4   11.5     4.6       2    52.5   160.9
   2006   5   17.4     8.7       0    62.8   163.0
   2006   6   20.4    11.0       0    11.6   164.4
   2006   7   24.8    13.6       0    29.5   265.4
   2006   8   19.1    12.3       0    92.7   121.4
   2006   9   19.6    12.3       0    82.7   131.6
   2006  10   15.4     9.3       0    89.6    89.8
   2006  11   11.0     4.8       2    78.6    85.7
   2006  12    8.5     4.1       0   133.5    42.9
   2007   1    9.3     3.8       5   142.4    58.5
   2007   2    8.6     2.9       8   103.4    80.3
   2007   3   10.3     3.5       2    49.4   125.9
   2007   4   15.1     6.5       0     4.2   194.8
   2007   5   15.3     7.8       0    68.8   130.5
   2007   6   18.1    10.8       0   261.4   127.7
   2007   7   18.4    11.4       0    93.3   161.9
   2007   8   19.2    11.4       0    34.3   173.0
   2007   9   17.2     9.8       0    49.4   131.4
   2007  10   14.1     7.0       0    27.9    97.6
   2007  11   10.5     4.2       3    65.4    73.7
   2007  12    7.1     2.1      10   102.3    36.4
   2008   1    8.9     3.6       5   214.4    38.3
   2008   2    9.0     1.2       8    55.3    98.9
