Braemar
Location: 3152E 7914N, 339 metres amsl (1959 to Apr 2005), & 3152E 7919N, 327 metres amsl (Aug 2005 onwards)
Estimated data is marked with a * after the value.
Missing data (more than 2 days missing in month) is marked by  ---.
Sunshine data taken from an automatic Kipp & Zonen sensor marked with a #, otherwise sunshine data taken from a Campbell Stokes recorder.
   yyyy  mm   tmax    tmin      af    rain     sun
              degC    degC    days      mm   hours
   1959   1    1.7    -5.7      27     ---    34.2
   1959   2    6.2    -3.2      15     ---    68.6
   1959   3    7.6     0.8       7     ---    80.9
   1959   4    ---     ---     ---     ---   105.0
   1959   5   15.6     4.6       1     ---   182.6
   1959   6   16.4     7.2       0     ---   164.8
   1959   7   18.0     8.5       0     ---   147.4
   1959   8   18.6    10.1       0     ---   106.3
   1959   9   17.0     5.4       1     ---   148.2
   1959  10   13.2     4.8       3     ---    87.8
   1959  11    7.0     1.3       8     ---    26.6
   1959  12    4.7    -0.6      14     ---     8.2
   1960   1    3.8    -2.4      21     ---    28.5
   1960   2    3.5    -5.6      23     ---    79.4
   1960   3    5.7     0.0      11     ---    50.9
   1960   4   10.5     2.4       6     ---    99.2
   1960   5   15.5     3.8       3     ---   160.8
   1960   6   18.3     8.0       0     ---   190.7
   1960   7   16.7     7.7       0     ---   120.9
   1960   8   15.9     7.2       0     ---    95.8
   1960   9   14.1     5.2       3     ---   106.5
   1960  10    9.3     5.2       0     ---    16.3
   1960  11    6.3    -0.2      12     ---    25.9
   1960  12    3.3    -3.3      18     ---    16.3
   1961   1    3.3    -2.7      22    71.8    22.6
   1961   2    6.6     0.4      11    52.5    54.0
   1961   3   10.1     2.6       7    25.1   106.3
   1961   4    9.8     2.5       6    51.5    95.9
   1961   5   13.1     3.4       3    36.7   199.6
   1961   6   15.2     6.4       1    25.3   157.8
   1961   7   15.9     7.7       0    81.3   111.5
   1961   8   15.9     7.6       0   100.1   133.0
   1961   9   15.0     7.2       0    97.7    80.4
   1961  10   10.9     4.2       2   158.2    61.9
   1961  11    6.0    -1.6      20    47.9    35.7
   1961  12    2.1    -4.7      22   102.2    24.7
   1962   1    4.5    -1.8      17   116.5    23.7
   1962   2    5.5    -1.2      15    87.8    51.3
   1962   3    3.3    -4.1      25    49.8    83.2
   1962   4    9.3    -0.5      15    43.2   167.6
   1962   5   12.3     2.5       5    70.5   153.2
   1962   6   15.7     6.9       0    43.1   191.4*
   1962   7   15.7*    6.5       0    50.4   156.2*
   1962   8   15.0*    7.1       1    93.9   132.7*
   1962   9   12.3     6.2       1   134.8    54.3*
   1962  10   11.4     5.3       3    42.6    61.4*
   1962  11    5.4    -0.1      14    70.9    25.2*
   1962  12    4.0    -1.9      19   138.3    22.6*
   1963   1   -0.7    -8.6      31    75.0    23.3*
   1963   2    0.7    -8.6      28    40.3    76.7*
   1963   3    7.0    -1.7      16    96.9    88.4*
   1963   4    9.4     1.2*     11*   57.1   150.8
   1963   5   11.5     2.5       4    67.0   164.1
   1963   6   17.0     7.0       0   125.7   172.6
   1963   7   16.1     7.7       0    48.3   154.5
   1963   8   14.8     7.5       1   111.3    88.6
   1963   9   13.7     6.1       1    89.5   110.0
   1963  10   11.7     4.4       3    73.4    79.7
   1963  11    6.4     0.6      12   124.7    33.4
   1963  12    3.8    -1.1      15    30.9    23.1
   1964   1    5.6    -1.1      17    33.2    33.8
   1964   2    5.1    -1.2      13    28.7    58.6
   1964   3    4.5    -0.6      15    56.8    38.9
   1964   4    9.8     2.6       4    52.5   111.4
   1964   5   14.1     4.8       0    56.3   169.1
   1964   6   15.5     6.1       2    55.2   163.3
   1964   7   16.8     8.6       0    36.8   173.5
   1964   8   16.1     7.0       3   106.2   139.7
   1964   9   14.5     5.5       2    91.2   119.1
   1964  10   10.3     1.7      10    38.5    68.0
   1964  11    7.5     0.4      12    55.4    31.0
   1964  12    4.1    -2.7      19    89.1    17.2
   1965   1    3.1    -3.1      24    71.6    28.0
   1965   2    4.5    -2.2      16    27.2    44.0
   1965   3    5.9    -2.9      21    33.5    96.9
   1965   4    9.9    -0.1       9    80.3   163.9
   1965   5   12.2     4.2       5    52.9   116.4
   1965   6   16.2     7.2       0    59.9   129.7
   1965   7   14.2     6.7       0    73.0   128.3
   1965   8   15.6     7.4       1    31.4   148.1
   1965   9   13.2     6.2*      1*  124.8    64.9
   1965  10   11.7     3.2       8    60.8    84.8
   1965  11    3.7    -2.3      18    89.0    39.1
   1965  12    2.9    -3.2      19    55.6    19.8
   1966   1    2.6    -2.8      20    48.6    17.0
   1966   2    3.0    -3.4      17    80.4    32.2
   1966   3    7.1     1.2       9    50.8   115.9
   1966   4    6.5    -1.1      16    49.4     ---
   1966   5   12.9     2.9       4    94.0   185.2
   1966   6   16.4     8.6       0   108.5    88.6
   1966   7   16.7     7.5       0    26.0   172.6
   1966   8   14.9     6.1       2    74.0   107.8
   1966   9   15.1     8.3       0    50.4   101.0
   1966  10    9.7     2.2      10   121.7    43.9
   1966  11    5.1    -1.3      14   122.9    27.1
   1966  12    4.0    -1.5      16   118.3    21.0
   1967   1    4.5     0.1      14   104.2    20.6
   1967   2    5.4     0.5       8    85.0    45.2
   1967   3    6.5     0.4      14   108.5   108.0
   1967   4    9.9     0.9      10    43.2   147.5
   1967   5   10.6     3.1       5   109.7   104.5
   1967   6   17.4     6.8       0    40.3   200.2
   1967   7   17.1     8.5       0    31.1   140.3
   1967   8   17.0     8.0       0    69.7   136.3
   1967   9   14.8     6.1       0    98.4    90.6
   1967  10    9.6     3.5       3   137.1    81.4
   1967  11    7.2    -0.5      14    78.9    46.9
   1967  12    5.2    -0.1      15    49.0    24.0
   1968   1    4.3    -2.5      17    70.9    22.3
   1968   2    2.0    -6.6      27    55.6    79.5
   1968   3    6.8     0.0      18    48.3    84.1
   1968   4   10.0     0.4      14    63.4   176.0
   1968   5    9.5     1.8       8    80.2   136.6
   1968   6   18.1     6.2       0    28.6   211.4
   1968   7   15.6     8.7       0   106.6    82.5
   1968   8   17.2     8.1       0    39.1   172.2
   1968   9   14.0     6.4       1    66.4    69.6
   1968  10   12.0     4.4       3   119.9    47.7
   1968  11    5.4     0.0      14    44.1    32.0
   1968  12    3.9    -1.2      15    80.9     6.6
   1969   1    5.6    -1.1      13   122.9    29.9
   1969   2    1.2    -6.0      25    64.6    48.0
   1969   3    3.3    -3.8      26    46.7    96.5
   1969   4    8.2    -0.3      13    59.8   157.4
   1969   5   11.6     3.3       1   131.4   105.7
   1969   6   16.8     6.2       1    61.8   181.5
   1969   7   18.4     9.2       0    22.2   185.6
   1969   8   18.5     9.3       0    58.0   157.2
   1969   9   15.2     6.7       1    42.3   128.2
   1969  10   13.7     6.5       0    41.7    72.1
   1969  11    4.4    -3.3      23    75.5    46.1
   1969  12    4.1    -1.6      18    49.4    24.3
   1970   1    3.2    -2.3      19    67.4    14.8
   1970   2    2.7    -5.0      24    91.1    74.3
   1970   3    4.4    -2.3      22    46.2   118.4
   1970   4    6.7    -0.8      18    60.3   139.8
   1970   5   14.5     5.2       0    58.9   145.7
   1970   6   18.9     6.4       0    91.4   239.3
   1970   7   15.0     7.5       0    92.2   103.2
   1970   8   17.8     8.6       0   118.8   164.9
   1970   9   14.4     6.5       2    85.8    83.1
   1970  10   10.5     3.5       5    67.9    70.4
   1970  11    6.1     0.5       9    94.9    33.2
   1970  12    4.9    -0.5      17    48.1    24.9
   1971   1    4.9    -0.7      15   102.5    19.8
   1971   2    5.8    -1.5      16    20.3    64.5
   1971   3    6.7    -0.9      18    49.8    80.7
   1971   4    9.9     0.4      12    53.7   127.3
   1971   5   13.8     3.2       6    54.0   206.4
   1971   6   13.6     5.3       0    55.7   146.6
   1971   7   18.1     8.3       0    54.8   184.6
   1971   8   16.6     8.2       0    45.8   143.3
   1971   9   16.4     6.7       3    36.3   154.6
   1971  10   12.3     3.6       7    52.0    94.8
   1971  11    6.8     0.3      15    88.3    29.8
   1971  12    7.9     2.7       7    55.8    12.8
   1972   1    3.3    -1.2      19   184.5    19.1
   1972   2    3.6    -1.8      23    76.4    30.5
   1972   3    7.0    -1.2      20    62.4   120.7
   1972   4    9.9     1.5       5    54.4   136.9
   1972   5   11.8     3.8       2    96.5   127.4
   1972   6   13.2     5.0       0    63.6   143.1
   1972   7   18.7     7.5       0    30.4   217.7
   1972   8   16.8     7.3       0    46.8   185.3
   1972   9   14.3     3.7       5    12.8   125.4
   1972  10   12.3     3.3       4    28.5    79.1
   1972  11    6.0    -0.7      14    63.1    42.6
   1972  12    5.3    -1.1      16    90.6    21.1
   1973   1    4.4    -1.1      16    56.9    33.8
   1973   2    4.7    -3.3      17    36.1    74.3
   1973   3    8.9    -1.0      16    21.7   132.5
   1973   4    7.1     0.5      12    68.9   111.4
   1973   5   12.0     3.4       7    64.7   144.3
   1973   6   16.9     7.1       2    31.9   161.2
   1973   7   17.8     8.8       1    58.2   163.8
   1973   8   17.7     8.1       1    41.8   168.4
   1973   9   14.6     6.5       1    79.7   118.3
   1973  10    9.9     2.3      10    46.4    92.8
   1973  11    5.9    -0.1      13    72.8    44.4
   1973  12    4.5    -1.4      15    99.2    11.1
   1974   1    5.9*    1.0       7   284.9    20.4
   1974   2    5.9    -0.5      14    49.9    32.2
   1974   3    6.4    -1.0      16    76.7    96.7
   1974   4   13.3    -0.8      17    19.1   207.3
   1974   5   12.6     3.9       2    50.6   147.9
   1974   6   16.1     5.5       0    51.0   177.9
   1974   7   15.8     7.7       0    45.4   135.3
   1974   8   16.2     7.4       1    49.3   136.9
   1974   9   12.3     5.2       3    50.2   102.5
   1974  10    8.1     3.0       4    99.4    30.8
   1974  11    6.2     0.7       9   126.4    33.2
   1974  12    7.2     2.1       7   119.8    28.3
   1975   1    6.3    -1.0      18   172.8    26.2
   1975   2    6.0    -2.2      17    35.6    80.1*
   1975   3    5.5    -1.8      22    32.0   104.5
   1975   4    9.2     1.6      11    71.5   121.0
   1975   5   12.9     2.8       3    38.5   201.1
   1975   6   17.6     6.2       2    43.3   215.9
   1975   7   19.0     9.5       0    73.1   151.1
   1975   8   21.0     9.6       0    68.2   211.0
   1975   9   13.5     5.8       3    88.3    96.4
   1975  10   11.6     4.3       5    31.2    81.0
   1975  11    6.9     0.5      13    71.8    34.8
   1975  12    7.1     1.6      10    31.2    17.3
   1976   1    5.4    -0.7      20   106.0    15.8
   1976   2    5.2    -0.8      16    30.8    48.7
   1976   3    5.2    -0.4      21    57.8    91.2
   1976   4   10.4     1.9       8    18.6   119.3
   1976   5   12.3     4.6       1   105.0   115.9
   1976   6   18.4     8.7       0    11.3   164.2
   1976   7   20.9     9.2       0    37.9   233.1
   1976   8   20.5     6.3       0    20.4   220.4
   1976   9   13.1     7.2       0   179.5    72.8
   1976  10   10.1     3.5       5   181.5    46.6
   1976  11    6.3    -0.3      13    61.4    41.3
   1976  12    1.9    -3.5      25    57.3    26.2
   1977   1    2.5    -3.8      22    84.7    33.9
   1977   2    3.0    -3.1      22    65.2    56.9
   1977   3    6.8     1.0       7   117.8    62.0
   1977   4    7.5     0.7      10    65.0   150.7
   1977   5   13.0     2.6      10    60.8   168.0
   1977   6   15.6     4.8       1    49.9   203.7
   1977   7   19.5     8.0       0    21.2   206.4
   1977   8   17.1     6.7       2    72.7   151.8
   1977   9   13.3     6.1       3    62.8    99.5
   1977  10   12.2     5.3       0   125.7    57.6
   1977  11    5.6*   -0.5      13   144.8    40.3
   1977  12    5.9    -0.3      14    72.5    14.6
   1978   1    3.0    -4.3      24    96.3    27.9
   1978   2    1.0    -8.4      21    69.2*   45.9*
   1978   3    7.1     0.4      16    97.9    91.3
   1978   4    7.2     0.2      14    43.3   106.8
   1978   5   15.4     3.7       7    41.5   191.7
   1978   6   16.5     6.4       1    55.6   193.8
   1978   7   16.6     7.9       0    52.0   156.1
   1978   8   16.5     9.4       0    93.3   116.4
   1978   9   13.7     7.9       0    57.3    79.3
   1978  10   12.5     6.5       0    27.8    58.9
   1978  11    9.0     2.5       7    98.7    41.9
   1978  12    3.5    -0.3      12   191.0    14.0
   1979   1    1.5    -7.4      28    71.0    33.4
   1979   2    1.5    -5.3      23    18.2    71.5
   1979   3    3.6    -2.0      22   108.9    95.6
   1979   4    7.7     1.6       7    78.0    93.8
   1979   5   11.4     2.6      11    82.9   142.2
   1979   6   17.6     7.6       0    52.2   168.4
   1979   7   17.8     8.4       0    82.6   153.7
   1979   8   15.3     7.6       0    71.8   102.2
   1979   9   14.5     6.1       4    38.6   136.2
   1979  10   11.5     5.7       4    92.8    58.0
   1979  11    6.8    -0.2      16    68.1    36.1
   1979  12    4.5    -0.6      13   150.9    17.8
   1980   1    2.5    -2.9      26   119.7    13.7
   1980   2    5.1    -1.4      16    70.7*   51.1
   1980   3    5.1    -2.3      21    73.5*   64.4
   1980   4   11.2     1.8       7     7.2   147.7
   1980   5   15.6     2.8       4    27.8   240.4
   1980   6   16.2     7.5       1    96.0   135.3
   1980   7   16.5     7.9       0    71.3   100.7
   1980   8   16.7     9.2       0    76.1   109.5
   1980   9   15.3     7.6       0    66.7    87.5
   1980  10    9.2     1.8      10   104.6    56.7
   1980  11    6.9     0.1      11    92.2    27.6
   1980  12    5.7     0.5      15    74.2    13.5
   1981   1    5.0    -1.9      20    80.1    32.3
   1981   2    3.8    -1.3      21    47.2    62.1
   1981   3    6.8    -0.2      18    78.5   101.7
   1981   4   11.0    -1.4      20    11.6   198.9
   1981   5   13.9     4.3       4    53.2   169.1
   1981   6   15.0     6.5       2    36.4   135.7
   1981   7   16.5     8.6       0    47.8   137.4
   1981   8   18.7     8.9       0    12.4   184.5
   1981   9   15.3     6.8       1   164.1   121.6
   1981  10    7.3     0.4      10   129.3    85.2
   1981  11    7.2     1.3      11   101.6    38.6
   1981  12    0.5    -7.2      27    74.8     ---
   1982   1    2.5    -5.5      18    97.3    19.3
   1982   2    5.8    -0.9      14    76.2    52.3
   1982   3    6.3    -0.4      16   115.9   110.6
   1982   4   10.5     1.7       8    29.4   155.5
   1982   5   13.7     1.6      13    49.0   218.6
   1982   6   15.3     6.9       0    57.7   116.5
   1982   7   20.2     8.7       0    31.5   206.8
   1982   8   16.6     8.7       0   153.0   143.8
   1982   9   14.1     6.4       1   152.3   102.9
   1982  10   10.0     4.1       4   257.6    45.1
   1982  11    6.7     1.1      12   161.8    34.6
   1982  12    4.1    -2.2      19   129.4    14.4
   1983   1    5.7     0.9      12   147.8    20.9
   1983   2    2.0    -4.8      25    87.3    50.7
   1983   3    6.7     1.1      12    59.3    68.8
   1983   4    7.2    -0.6      18    61.2   124.6
   1983   5   10.1     3.6       4   111.2    75.5
   1983   6   15.6     6.2       0    67.0   183.7
   1983   7   21.2    10.3       0    34.4   205.0
   1983   8   20.4     9.8       0    22.5   171.5
   1983   9   12.7     6.4       1    92.0    91.8
   1983  10   10.5     4.2       3    87.2    64.1
   1983  11    7.8     1.5      11    18.0    38.1
   1983  12    6.3     0.5      12   159.4    12.2
   1984   1    1.3    -4.9      26   169.1    25.4
   1984   2    4.2    -1.0      17    83.3    41.8
   1984   3    4.7    -0.8      17   142.5    56.1
   1984   4   11.0     0.4      13    10.9   191.4
   1984   5   13.5     1.7      11    20.5   183.0
   1984   6   16.8     7.7       0    46.6   165.1
   1984   7   20.1     8.8       0    29.7   208.0
   1984   8   20.0     8.2       0    15.7   169.1
   1984   9   13.1     6.1       1   104.5    76.3
   1984  10   11.2     3.5       2   109.2    64.6
   1984  11    6.9     2.2       5   243.8    16.1
   1984  12    5.5    -0.1      14    76.8    20.9
   1985   1    1.1    -4.9      23   117.5    25.5
   1985   2    4.5    -3.7      20    18.5    72.6
   1985   3    4.7    -1.7      19    59.7    68.1
   1985   4    9.2     1.3      12    68.3   112.7
   1985   5   12.8     3.0       6    69.8   135.7
   1985   6   14.5     4.4       0    85.5   151.9
   1985   7   16.6     9.0       0    76.0   107.0
   1985   8   14.9     7.9       0   153.7   128.1
   1985   9   13.3     6.5       0   103.9    87.6
   1985  10   12.2     3.6      10    57.9   111.4
   1985  11    3.5    -2.7      23    71.4    19.3
   1985  12    5.2    -0.7      14   106.1    18.6
   1986   1    2.5    -2.6      22   154.1    15.2
   1986   2   -0.3    -6.7      28    53.6    58.7
   1986   3    5.4    -1.7      14    65.0   120.4
   1986   4    6.6    -0.6      18    44.2   107.4
   1986   5   11.9     4.4       1   109.5   155.3
   1986   6   17.6     6.4       0    60.5   229.7
   1986   7   16.4     8.3       0    45.5   143.1
   1986   8   14.0     6.2       1   113.7   110.0
   1986   9   13.5     5.2       3    13.9   131.6
   1986  10   11.2     4.9       1    60.1    89.3*
   1986  11    7.9     1.2       8    98.8    42.2
   1986  12    4.3    -0.3      18   149.7    23.5
   1987   1    1.6    -4.6      25    35.7    35.1
   1987   2    4.0    -2.6      21    29.0    58.4
   1987   3    4.3    -2.9      25    66.5   108.3
   1987   4   11.5     1.6       6    57.3   136.9
   1987   5   12.1     3.0       2    70.4   187.0
   1987   6   13.0     5.0       1    84.3     ---
   1987   7   17.2     9.5       0    75.6    96.3
   1987   8   16.3     8.6       0    50.5   143.6
   1987   9   13.2     5.4       4    56.3   141.1
   1987  10    9.1     2.2      12   103.9    55.5
   1987  11    5.8     1.3       8    63.6    29.6
   1987  12    5.4    -0.6      15    46.5     9.5
   1988   1    3.7    -1.1      17   123.8    21.7
   1988   2    4.2    -0.4      18    83.0    41.3
   1988   3    5.7    -0.6      18    96.3    95.7
   1988   4    9.4     0.8      13    56.2   108.5
   1988   5   13.6     3.6       3    36.4   196.7
   1988   6   19.3     7.7       0    20.1   222.1
   1988   7   15.5     9.0       0   145.6   110.6
   1988   8   16.0     8.6       0    95.9   141.2
   1988   9   14.2     7.1       0    70.5   133.6
   1988  10   10.0     3.4       9   130.2    60.0
   1988  11    6.8     0.6      12    53.1    53.0
   1988  12    7.9     2.7       3    40.4    22.9
   1989   1    8.2     2.6       6    68.1    30.9
   1989   2    5.5    -0.4      16   125.1    71.0
   1989   3    6.8     0.2      12   127.0   113.3
   1989   4    7.1     0.2      14    39.9   120.1
   1989   5   14.2     4.5       2    37.1   208.9
   1989   6   16.0     6.0       1    45.2   175.6
   1989   7   21.3     9.5       0    11.9   233.8
   1989   8   16.8     8.8       0    70.0   157.1
   1989   9   14.5     6.2       1    69.0   115.9
   1989  10   11.8     4.7       2    72.8    71.8
   1989  11    6.9     1.0      11    35.9    65.8
   1989  12    2.9    -3.7      23    76.4    17.2
   1990   1    6.1     0.8      14   143.0    33.8
   1990   2    5.7     0.6      10   208.5    66.4
   1990   3    8.5     2.6       5    78.6   125.8
   1990   4   10.2     1.2       9    28.5   180.3
   1990   5   14.4     4.3       2    47.6   168.3
   1990   6   15.2     6.9       0    90.6   136.7
   1990   7   18.1     8.5       0    31.7   215.8
   1990   8   17.8     9.6       0    43.2   135.2
   1990   9   13.6     6.2       1    43.4   125.4
   1990  10   10.9     5.3       2   123.6    66.0
   1990  11    6.4     0.7       9    52.5    23.3
   1990  12    4.6    -1.2      20   107.6    22.6
   1991   1    3.5    -2.3      22    69.8    37.2*
   1991   2    3.0    -2.9      22    66.0    42.8
   1991   3    8.5     0.0      16    62.1    77.4
   1991   4    9.2     1.3       9    70.8     ---
   1991   5   13.8     5.0       1    38.0   147.3*
   1991   6   13.5     5.6       2   129.4   142.8*
   1991   7   19.2    10.5       0    56.8   148.8*
   1991   8   18.6     9.5       0    30.7   174.2*
   1991   9   15.7     5.8       3    58.3   152.7*
   1991  10   10.1     3.7       4   144.2    55.5*
   1991  11    6.6     1.4      12   113.8    27.0
   1991  12    6.2    -0.7      19    51.1    28.3
   1992   1    5.8    -2.1      23    62.4    48.8
   1992   2    6.5     0.0      14    56.6    53.1
   1992   3    7.0     1.5       7   116.1    71.8
   1992   4    8.5     1.6       9    53.4    97.2
   1992   5   15.6     4.6       3    42.8   265.2
   1992   6   18.6     8.0       0    41.6   220.3
   1992   7   16.3     8.8       0    42.6   128.3
   1992   8   15.3     6.9       0   125.7   130.3
   1992   9   13.4     6.3       0    92.9    95.0
   1992  10    8.0     0.5      12    72.8    72.5
   1992  11    6.8     0.3      12    85.8    48.0
   1992  12    3.9    -2.4      19    76.3    30.9
   1993   1    4.8    -0.6      18   162.0*   29.2
   1993   2    7.0     2.2       8    31.8    34.1
   1993   3    7.2     0.0      14    59.8   110.1
   1993   4    9.9     2.2       3    75.3   107.8
   1993   5   12.6     3.5       3   106.1   144.4
   1993   6   15.9     7.9       0    30.5   130.2
   1993   7   15.4     7.8       0    49.0   150.0
   1993   8   15.3     7.1       0    44.8   122.1
   1993   9   13.1     4.3       7   107.1   120.4
   1993  10    8.0     1.0      15   173.3    71.2
   1993  11    5.1    -2.4      18    45.0    34.3
   1993  12    3.0    -2.4      24    84.4    23.9
   1994   1    4.0    -0.9      21   124.1    21.7
   1994   2    1.9    -2.4      21   113.4    20.6
   1994   3    5.9    -0.1      15   148.7   109.6
   1994   4    8.4     1.6       9    72.8   122.2
   1994   5   11.8     2.0      12    12.2   201.5
   1994   6   15.7     7.0       0    46.3   174.8
   1994   7   18.7     9.1       0    31.9   158.0
   1994   8   16.9     7.9       0    41.8   143.5
   1994   9   13.4     5.4       0    72.1    99.3
   1994  10   10.5     2.8      10    83.2    69.1*
   1994  11    9.4     3.8       7    69.5    27.7
   1994  12    5.8     0.4      11    88.0    33.6
   1995   1    4.0    -2.1      23   155.1    28.4
   1995   2    4.6    -1.3      17    84.4    63.2
   1995   3    4.9    -2.2      24    65.1   118.9
   1995   4    9.3     1.2      11    42.6   103.8*
   1995   5   12.6     3.3       9    74.6   169.7
   1995   6   17.6     6.3       0    21.4   246.4
   1995   7   19.8     9.1       0    42.2   198.1*
   1995   8   22.1     8.1       0    20.3   236.3
   1995   9   14.0     6.5       1   180.8    78.5
   1995  10   12.8     5.5       3   146.0    80.2
   1995  11    7.9     2.0      10    78.2    25.8
   1995  12    1.3    -5.2      22    59.4    27.2
   1996   1    4.3     0.9      12    96.3    11.5
   1996   2    3.2    -3.2      22    97.1    76.3
   1996   3    4.3    -0.7      23    41.0    72.5
   1996   4    9.1     2.5       6    62.4   117.3
   1996   5   10.2     1.9      10    43.4   148.4
   1996   6   16.7     6.9       0    15.9   239.0
   1996   7   18.0     8.3       0    47.5   169.6
   1996   8   17.9     9.5       0    51.4*  139.4
   1996   9   15.6     6.0       0    32.5*  150.2
   1996  10   12.0     5.3       0   112.8*   60.9
   1996  11    5.4    -1.4      18   121.4*   55.9
   1996  12    3.4    -2.4      23    52.7*   27.0*
   1997   1    3.9    -2.6      22    22.3*   33.3
   1997   2    6.0    -0.3      16   124.4*   51.8
   1997   3    9.3     2.2       6    70.9*  128.9
   1997   4   10.8     2.0       7    14.4*  100.6
   1997   5   13.0     3.8       4    94.6*  166.9
   1997   6   15.0     6.1       0    90.0*  144.0
   1997   7   18.9     8.4       0    49.7*  201.8
   1997   8   20.3     9.3       0    45.1*  193.7
   1997   9   15.2     5.4       4    42.2*  168.5
   1997  10   11.5     3.4       7    35.1*  104.5
   1997  11    8.4     3.4       3   121.8*   25.9
   1997  12    6.0     0.9      14   102.0    13.5
   1998   1    5.1    -0.5      13    81.6    21.7*
   1998   2    8.9     4.0       3    40.6    60.2*
   1998   3    7.9     0.5      12    53.5    83.1*
   1998   4    7.1     0.5      12   184.1   132.3*
   1998   5   14.6     4.6       4    39.0   184.3
   1998   6   14.1     6.3       0    87.7   119.3
   1998   7   16.0     8.4       0    95.0   139.9
   1998   8   16.4     8.6       0    34.6   146.7
   1998   9   15.4     7.5       0    73.8   111.9
   1998  10    9.2     2.8       6   129.9*   75.3*
   1998  11    6.3    -0.7      12    98.2    54.8
   1998  12    6.1    -0.1      14    96.5    16.8
   1999   1    4.4    -0.4      14   105.9    34.2
   1999   2    4.7    -1.2      17    54.5    57.3
   1999   3    7.3     0.4      12    46.5   105.5
   1999   4   11.2     2.1       9    63.1   134.4
   1999   5   14.0     5.1       1    63.8   178.2
   1999   6   15.2     6.6       1    54.5   154.0
   1999   7   19.3*    9.2*      0*   51.2*  167.7*
   1999   8   16.9     6.6       3    32.5   142.0*
   1999   9   16.2     7.7       0   164.5   115.5*
   1999  10   11.0     5.0       2    73.3    43.0
   1999  11    8.5     2.2       8    61.8    26.8
   1999  12    3.4    -2.2      20   197.2    25.1
   2000   1    6.5     0.4      13    99.6    37.7
   2000   2    5.8    -0.4      16    88.2    57.9
   2000   3    8.9     1.1      13    53.7   100.7
   2000   4    8.7     0.9      11   122.2   129.3
   2000   5   14.8     3.4       3    31.8   239.3
   2000   6   15.2     6.1       1    42.3   157.5
   2000   7   17.6     7.6       1    91.5   164.9
   2000   8   17.8     8.0       0    73.8   140.8
   2000   9   14.8     7.0       0   115.2   111.6
   2000  10   10.6     4.3       4   160.2    64.3
   2000  11    6.2     1.1       7   163.5    32.4
   2000  12    5.0     0.7      12   123.0    13.9
   2001   1    3.1    -2.8      22    67.1    32.7
   2001   2    3.8    -2.3      19    82.3    69.7
   2001   3    4.6    -2.4      19    62.9    89.9
   2001   4    8.4     0.9      12    33.2   147.3
   2001   5   16.2     4.0       6    16.9   227.2
   2001   6   14.6     6.3       2    43.4   142.6
   2001   7   17.4     9.2       0    77.6   105.3
   2001   8   16.8     8.3       0    92.0   122.6
   2001   9   13.4     7.0       0    49.4    78.7
   2001  10   12.8     7.9       0   170.2    59.9
   2001  11    8.5     1.4      13    67.2    41.8
   2001  12    4.3    -2.1      23    69.6    19.9
   2002   1    6.2    -0.2      11   115.0    33.6
   2002   2    5.0    -0.2      12   133.1    51.1
   2002   3    7.8     0.5      14    57.4    95.5
   2002   4   11.0     1.9       7    41.1   141.6
   2002   5   13.6     4.5       3    87.4   168.7
   2002   6   15.3     7.9       0    60.8   127.1
   2002   7   16.7     8.9       0   121.1   100.7
   2002   8   18.5    10.2       0    85.8   136.3
   2002   9   16.0     6.0       2    33.1   121.0
   2002  10    8.7     2.6       6   155.4    58.7
   2002  11    7.7     2.5       6   162.7    34.8
   2002  12    4.3     1.3       7    63.5     5.6
   2003   1    4.9    -1.5      17    83.3    20.4
   2003   2    5.4    -2.8      23    39.1    85.9
   2003   3   10.9    -0.1      14    50.7   147.8
   2003   4   12.8     1.7      11    43.6   162.9
   2003   5   12.6     5.0       1    72.4   132.0
   2003   6   17.5     8.6       0    21.1   157.9
   2003   7   19.4    10.4       0    43.2   169.6
   2003   8   19.8     9.0       0     9.3   181.5
   2003   9   15.7     5.1       2    24.8   116.3
   2003  10   10.3     1.8      10    33.5   108.0
   2003  11    8.9     2.2       7    85.2    43.5
   2003  12    6.1    -1.6      19   107.4    22.8
   2004   1    5.0    -0.5      18    91.6    21.8
   2004   2    5.6    -1.9      21    49.3    74.6
   2004   3    7.7    -0.1      10    56.3   107.8
   2004   4   10.6     2.9       4    91.5    90.6
   2004   5   14.9     4.4       4    69.8   193.6
   2004   6   15.9     8.1       0    54.4   120.1
   2004   7   16.4     8.0       0    44.6   111.6
   2004   8   18.4    10.1       1   177.2   147.6
   2004   9   15.2     7.1       3    46.8   117.6
   2004  10    9.7     4.1       4   158.5    36.9
   2004  11    8.5     2.0       6    35.4    45.3
   2004  12    7.3    -0.2      15    62.4    28.2
   2005   1    6.8     0.2      12   127.4    21.1
   2005   2    4.5    -0.1      15    67.1    46.5
   2005   3    7.8     1.1      14    69.6    75.6
   2005   4   10.1     1.5      11    72.5   147.6
   2005   5    ---     ---     ---     ---     ---
   2005   6    ---     ---     ---     ---     ---
   2005   7    ---     ---     ---     ---     ---
   2005   8   17.6     8.4       0    58.0     ---
   2005   9   15.9     7.6       1    37.6     ---
   2005  10   12.1     5.8       2   135.0     ---
   2005  11    7.1    -0.6      15   153.6     ---
   2005  12    5.7    -0.3      14    42.8     ---
   2006   1    4.5*   -1.4*     17*   84.0*    ---
   2006   2    5.0    -1.6      14    62.5*    ---
   2006   3    4.1    -1.8      20    94.2*    ---
   2006   4    9.3     0.1      16    17.0     ---
   2006   5   13.0     3.1       5    65.4     ---
   2006   6   17.8     8.0       0    39.0     ---
   2006   7   22.0     9.4       0    16.0     ---
   2006   8   17.7     8.0       0    65.8     ---
   2006   9   17.3     7.7       1    95.0     ---
   2006  10   12.7     5.2       1   124.4     ---
   2006  11    8.2     2.6       5   111.2     ---
   2006  12    6.1    -0.3      12   128.8     ---
   2007   1    6.7     1.2      11   100.4     ---
   2007   2    6.1     0.1      14    81.8     ---
   2007   3    8.4     0.1      17    70.8     ---
   2007   4   14.3     3.3       5    19.4     ---
   2007   5   12.8     3.7       6    80.4     ---
   2007   6   15.8     7.2       1   102.8     ---
   2007   7   16.4     8.7       0   129.4     ---
   2007   8   16.5     7.9       0    80.8     ---
   2007   9   14.1     5.9       2    44.6     ---
   2007  10   12.9     4.1       8    31.6     ---
   2007  11    8.0     1.9      12   118.0     ---
   2007  12    5.2    -2.4      19    67.6     ---
   2008   1    5.2    -1.1      17   183.6     ---
   2008   2    7.9    -1.3      15    82.4     ---
