Stornoway
Location: 1464E 9332N, 15 metres amsl
Estimated data is marked with a * after the value.
Missing data (more than 2 days missing in month) is marked by  ---.
Sunshine data taken from an automatic Kipp & Zonen sensor marked with a #, otherwise sunshine data taken from a Campbell Stokes recorder.
   yyyy  mm   tmax    tmin      af    rain     sun
              degC    degC    days      mm   hours
   1873   7   16.7     9.9       0   110.5     ---
   1873   8   15.5     8.9       0   141.0     ---
   1873   9   12.2     5.9       0   100.7     ---
   1873  10    9.0     2.4       2   164.1     ---
   1873  11    7.6     2.1       3    91.9     ---
   1873  12    8.7     2.8       5   131.8     ---
   1874   1    6.6     1.1      11   171.6     ---
   1874   2    7.1     2.0       5    45.2     ---
   1874   3    8.2     3.1       5   130.3     ---
   1874   4   11.0     3.8       1    81.9     ---
   1874   5   11.9     4.5       0    69.8     ---
   1874   6   15.0     7.6       0    78.6     ---
   1874   7   17.6    10.3       0    78.5     ---
   1874   8   15.1     8.7       0   112.1     ---
   1874   9   12.9     6.9       0   132.7     ---
   1874  10   10.1     3.9       0   216.5     ---
   1874  11    7.6     3.0       3   132.0     ---
   1874  12    3.0    -2.2      28   103.7     ---
   1875   1    6.9     2.1       6   186.6     ---
   1875   2    5.1     0.7       7    56.3     ---
   1875   3    7.7     1.8       6    25.8     ---
   1875   4   11.2     2.7       2    74.7     ---
   1875   5   13.2     6.6       0    90.3     ---
   1875   6   14.8     6.4       0    74.2     ---
   1875   7   16.2     8.0       0    63.7     ---
   1875   8   16.1     9.6       0    96.8     ---
   1875   9   14.5     7.8       0    54.1     ---
   1875  10   10.4     4.9       1    80.7     ---
   1875  11    6.5     1.4      12   113.8     ---
   1875  12    7.0     1.9       8   121.7     ---
   1876   1    7.3     2.0      10   142.7     ---
   1876   2    4.5    -0.4      12   135.5     ---
   1876   3    5.6    -0.2      12   145.2     ---
   1876   4    8.5     2.7       7    99.0     ---
   1876   5   12.9     4.9       1    54.5     ---
   1876   6   15.2     8.4       0   108.3     ---
   1876   7   16.2     9.8       0    48.8     ---
   1876   8   16.3     9.3       0    58.7     ---
   1876   9   12.5     7.0       0    73.4     ---
   1876  10   11.3     6.3       0   137.0     ---
   1876  11    7.9     3.2       6    76.3     ---
   1876  12    6.4     2.5       7    68.3     ---
   1877   1    5.5     0.0      12   137.0     ---
   1877   2    5.7     0.6       8   163.5     ---
   1877   3    6.7     0.4      14    86.3     ---
   1877   4    8.4     1.8       6    45.0     ---
   1877   5   10.7     4.0       5    89.5     ---
   1877   6   14.8     7.6       0   132.1     ---
   1877   7   15.1     9.0       0   102.5     ---
   1877   8   14.2     8.6       0    76.0     ---
   1877   9   12.7     6.2       0    42.3     ---
   1877  10   10.1     4.2       4   201.4     ---
   1877  11    7.4     1.6       6   203.8     ---
   1877  12    6.7     1.4      12   172.7     ---
   1878   1    5.9     0.6      10   131.5     ---
   1878   2    8.3     3.5       2    60.0     ---
   1878   3    6.5     1.5      11    91.5     ---
   1878   4   10.3     4.3       2    23.7     ---
   1878   5   12.4     5.9       0    57.7     ---
   1878   6   14.6     8.5       0    61.7     ---
   1878   7   16.5    10.9       0    41.3     ---
   1878   8   16.9    10.4       0    37.3     ---
   1878   9   13.9     8.7       0   106.4     ---
   1878  10   11.3     6.7       1   129.2     ---
   1878  11    5.9     1.5       7    96.1     ---
   1878  12    3.1    -1.0      20    94.5     ---
   1879   1    3.7     0.0      15    34.7     ---
   1879   2    4.6     0.6      10    35.7     ---
   1879   3    5.5     0.1      13    88.1     ---
   1879   4    7.3     2.2       2    26.9     ---
   1879   5   10.0     4.2       1    45.5     ---
   1879   6   13.3     8.0       0    28.5     ---
   1879   7   13.5     9.5       0    67.8     ---
   1879   8   14.4     9.6       0   127.7     ---
   1879   9   12.8     7.5       0   114.8     ---
   1879  10   10.2     4.4       0    69.2     ---
   1879  11    7.4     3.1       3    68.9     ---
   1879  12    6.3     0.8      10    80.3     ---
   1880   1    ---     ---     ---     ---     ---
   1880   2    7.4     3.0       2   113.2     ---
   1880   3    8.6     2.6       1    23.3     ---
   1880   4    9.3     3.9       0    52.3     ---
   1880   5   11.2     5.7       0    48.6     ---
   1880   6   14.4     8.3       0    43.3     ---
   1880   7   15.7    10.5       0    34.5     ---
   1880   8   18.5    11.9       0    17.9     ---
   1880   9   15.5    10.0       0    85.2     ---
   1880  10    8.9     2.3       9   124.4     ---
   1880  11    7.3     1.6      12   139.7     ---
   1880  12    5.1     0.0      16    82.2     ---
   1881   1    3.1    -2.6      22    33.1     ---
   1881   2    4.8     0.2      11    90.1     ---
   1881   3    6.1    -0.1      14    84.7     ---
   1881   4    9.6     2.1       6    27.9     ---
   1881   5   13.0     5.9       0    70.1     ---
   1881   6   13.2     6.8       0    92.8     ---
   1881   7   14.4     9.3       0    86.7     ---
   1881   8   13.5     7.2       0    81.7     ---
   1881   9   13.5     8.1       0    43.1     ---
   1881  10   10.6     5.0       1    84.4     ---
   1881  11   10.3     5.0       1   154.6     ---
   1881  12    6.7     2.1       7   159.2     ---
   1882   1    8.2     3.3       2   122.8     ---
   1882   2    8.4     3.9       1    93.5     ---
   1882   3    8.2     2.9       4   161.0     ---
   1882   4    8.9     2.1       5    81.9     ---
   1882   5   13.0     5.5       1    45.4     ---
   1882   6   13.8     7.8       0    87.0     ---
   1882   7   16.1    10.7       0    84.0     ---
   1882   8   15.1    10.7       0    73.6     ---
   1882   9   12.7     7.5       0    66.0     ---
   1882  10   12.1     5.9       0    90.0     ---
   1882  11    7.4     1.7       4   134.7     ---
   1882  12    4.6    -0.6      16   112.0     ---
   1883   1    ---     ---     ---     ---     ---
   1883   2    7.3     2.0       3   105.0     ---
   1883   3    5.9     0.1      16    81.4     ---
   1883   4   10.4     4.2       0    28.1     ---
   1883   5   10.5     4.3       2    87.4     ---
   1883   6   13.7     7.5       0    31.4     ---
   1883   7   14.9     9.0       0    70.6     ---
   1883   8   14.4     9.6       0   121.1     ---
   1883   9   13.5     8.4       0    75.1     ---
   1883  10   10.8     4.8       0   169.4     ---
   1883  11    7.9     2.2       2   180.3     ---
   1883  12    7.2     2.0       4   161.9     ---
   1884   1    6.6     1.6       8   228.8     ---
   1884   2    7.5     1.8       3   114.1     ---
   1884   3    8.1     2.6       3   103.4     ---
   1884   4   10.0     3.5       0    39.2     ---
   1884   5   11.6     4.6       0   125.9     ---
   1884   6   13.8     7.8       0    46.0     ---
   1884   7   16.6     9.9       0    78.5     ---
   1884   8   16.5    10.3       0   103.9     ---
   1884   9   14.9     8.4       0   101.2     ---
   1884  10   10.9     5.7       0   149.5     ---
   1884  11    8.0     2.9       3   183.4     ---
   1884  12    6.7     1.9       2   143.8     ---
   1885   1    5.7     1.5       4   101.5     ---
   1885   2    5.9     0.4      12   144.4     ---
   1885   3    7.3     1.1       8   108.1     ---
   1885   4   10.1     3.4       3    41.6     ---
   1885   5   10.2     3.7       2    85.1     ---
   1885   6   13.5     6.8       0    98.3     ---
   1885   7   15.5     8.9       0    78.8     ---
   1885   8   14.3     8.2       0    34.8     ---
   1885   9   13.3     7.0       0   180.4     ---
   1885  10    8.8     3.0       4   158.2     ---
   1885  11    8.2     3.4       3    75.9     ---
   1885  12    7.0     1.8       8   176.0     ---
   1886   1    4.8    -0.1      11   158.5     ---
   1886   2    5.8    -0.4      11    66.2     ---
   1886   3    6.7     0.9      12    68.1     ---
   1886   4    9.5     2.4       2    73.6     ---
   1886   5   11.1     3.9       0    41.3     ---
   1886   6   13.7     7.0       0    46.4     ---
   1886   7   15.3     8.8       0    92.7     ---
   1886   8   15.2     8.6       0    83.5     ---
   1886   9   13.8     7.3       0   116.3     ---
   1886  10   12.8     5.9       0   109.2     ---
   1886  11    9.0     3.7       3   145.5     ---
   1886  12    4.8    -1.1      14   224.5     ---
   1887   1    7.0     1.6       6   197.0     ---
   1887   2    8.2     2.7       5   127.0     ---
   1887   3    7.3     1.4       8    72.5     ---
   1887   4    8.5     1.7       6   117.9     ---
   1887   5   11.9     6.1       0    44.3     ---
   1887   6   16.3     8.8       0    38.4     ---
   1887   7   16.5     9.8       0   111.8     ---
   1887   8   15.3     8.7       0    85.0     ---
   1887   9   12.9     7.4       0    94.7     ---
   1887  10    9.5     4.0       3   138.2     ---
   1887  11    7.9     2.2       7    90.8     ---
   1887  12    5.7     0.2      13   130.9     ---
   1888   1    7.1     2.6       6   104.1     ---
   1888   2    5.4    -0.4      16    62.6     ---
   1888   3    5.7     0.4      15   100.6     ---
   1888   4    8.8     3.5       1   100.0     ---
   1888   5   11.0     4.6       0    96.2     ---
   1888   6   13.6     6.0       1    46.4     ---
   1888   7   14.0     7.5       0    39.6     ---
   1888   8   14.4     7.7       0   148.8     ---
   1888   9   13.7     7.3       0    68.2     ---
   1888  10   10.8     5.2       2   179.6     ---
   1888  11    8.8     3.5       1   161.6     ---
   1888  12    8.2     3.7       3   156.4     ---
   1889   1    8.2     3.3       1   141.4     ---
   1889   2    5.2     0.0      10   123.0     ---
   1889   3    7.4     1.7       8    70.5     ---
   1889   4    8.7     2.8       2    62.6     ---
   1889   5   14.0     7.4       0   110.5     ---
   1889   6   15.1     8.3       0    23.0     ---
   1889   7   14.8     7.8       0    40.1     ---
   1889   8   15.4     9.7       0   128.2     ---
   1889   9   13.7     7.6       0   114.6     ---
   1889  10   11.0     4.0       2    67.7     ---
   1889  11    9.4     4.6       3   104.2     ---
   1889  12    7.8     3.2       2   143.2     ---
   1890   1    7.9     2.8       4   181.4     ---
   1890   2    7.2     2.0       3    19.4     ---
   1890   3    8.2     1.3       5   110.7     ---
   1890   4    9.6     2.8       3    96.3     ---
   1890   5   13.6     6.7       0    14.8     ---
   1890   6   14.0     7.9       0    98.6     ---
   1890   7   14.3     8.3       0    99.0     ---
   1890   8   15.1     9.2       0   111.6     ---
   1890   9   15.6     9.7       0   102.0     ---
   1890  10   11.5     5.7       2   225.7     ---
   1890  11    8.7     3.2       0   172.9     ---
   1890  12    6.1     1.0      12    35.3     ---
   1891   1    6.5     1.4       7   118.5     ---
   1891   2    9.3     3.2       3    84.3     ---
   1891   3    5.3    -1.4      18   114.0     ---
   1891   4    8.5     1.1       5    10.5     ---
   1891   5   10.9     3.1       3    38.9     ---
   1891   6   14.8     7.9       0    68.4     ---
   1891   7   15.0     9.1       0    39.3     ---
   1891   8   14.6     9.1       0    85.8     ---
   1891   9   14.1     8.6       0   101.1     ---
   1891  10   11.3     5.3       2   238.3     ---
   1891  11    8.3     1.7       7   123.0     ---
   1891  12    7.1     2.2       6   160.1     ---
   1892   1    5.4    -0.6      15    79.9     ---
   1892   2    5.7    -0.6      13    50.4     ---
   1892   3    5.5    -0.8      18    30.9     ---
   1892   4    9.1     1.2       9    29.0     ---
   1892   5   11.6     4.7       1    87.3     ---
   1892   6   13.5     6.3       0    50.5     ---
   1892   7   14.4     8.5       0    48.3     ---
   1892   8   14.6     9.0       0   103.2     ---
   1892   9   12.6     6.1       0   114.8     ---
   1892  10    8.6     3.0       3   110.6     ---
   1892  11    9.3     3.6       3   146.4     ---
   1892  12    5.3     0.4      14    64.8     ---
   1893   1    5.6     0.5      13    59.6     ---
   1893   2    6.4     0.7       9    60.7     ---
   1893   3    8.8     2.3       5    46.5     ---
   1893   4   11.4     3.5       3    28.5     ---
   1893   5   13.7     7.3       0    38.4     ---
   1893   6   16.3     8.6       0    31.6     ---
   1893   7   16.8    10.1       0    86.2     ---
   1893   8   16.7    10.9       0   133.9     ---
   1893   9   13.7     7.3       0   201.0     ---
   1893  10   10.8     5.4       1   161.5     ---
   1893  11    6.6     1.6       9   180.3     ---
   1893  12    7.8     2.3       4   191.1     ---
   1894   1    5.8     0.9      12   162.0     ---
   1894   2    6.5     0.9       7   201.3     ---
   1894   3    8.9     2.0       5   100.7     ---
   1894   4   11.8     4.2       0    21.4     ---
   1894   5   10.7     2.5       3    45.9     ---
   1894   6   14.4     9.3       0    36.7     ---
   1894   7   17.1    11.4       0   173.4     ---
   1894   8   14.8    10.7       0   128.3     ---
   1894   9   13.4     7.0       0    12.0     ---
   1894  10   11.0     4.0       2    82.2     ---
   1894  11   10.1     5.0       0   153.5     ---
   1894  12    8.0     2.6       4   178.9     ---
   1895   1    3.7    -1.3      17   114.5     ---
   1895   2    5.1    -2.6      21    37.3     ---
   1895   3    7.6     0.7      12    85.7     ---
   1895   4    9.9     3.5       2    80.1     ---
   1895   5   14.5     6.5       0    42.7     ---
   1895   6   16.1     7.8       0    85.3     ---
   1895   7   15.0     9.2       0    98.1     ---
   1895   8   16.5    10.3       0   115.1     ---
   1895   9   15.9     9.7       0    80.3     ---
   1895  10    9.1     2.8       2   156.7     ---
   1895  11    8.7     2.2       5   103.8     ---
   1895  12    6.5     1.4       6   126.1     ---
   1896   1    7.6     2.0       9   143.8     ---
   1896   2    8.8     4.4       1   107.5     ---
   1896   3    7.9     1.8       4   143.0     ---
   1896   4   10.4     4.6       0    85.2     ---
   1896   5   14.4     7.4       0    38.5     ---
   1896   6   15.0     9.2       0    92.8     ---
   1896   7   15.4     9.5       0    91.0     ---
   1896   8   14.7     9.3       0   180.0     ---
   1896   9   14.3     7.4       0   162.7     ---
   1896  10    8.5     2.4       2   210.6     ---
   1896  11    8.9     4.2       1   184.6     ---
   1896  12    6.9     0.9       7   136.3     ---
   1897   1    4.6    -0.3      15    57.8     ---
   1897   2    7.2     1.3       8    92.8     ---
   1897   3    6.8     1.7      10   152.7     ---
   1897   4    9.1     1.8       5    58.1     ---
   1897   5   10.4     3.6       0    76.8     ---
   1897   6   14.8     7.8       0    11.5     ---
   1897   7   17.0     9.9       0    44.0     ---
   1897   8   17.2    10.9       0    72.1     ---
   1897   9   13.1     6.6       0   141.8     ---
   1897  10   12.0     5.3       0    87.2     ---
   1897  11    9.6     3.9       2   147.0     ---
   1897  12    7.0     1.3       6   207.2     ---
   1898   1    8.6     3.5       1   125.4     ---
   1898   2    6.0     0.5      10   203.8     ---
   1898   3    7.3     1.2       5   138.0     ---
   1898   4   10.4     3.8       0   118.7     ---
   1898   5   11.1     3.9       0    78.7     ---
   1898   6   14.7     8.1       0    50.1     ---
   1898   7   14.8     8.6       0    64.6     ---
   1898   8   15.8     9.3       0   138.7     ---
   1898   9   15.6     8.2       0   131.6     ---
   1898  10   13.6     6.0       0   141.8     ---
   1898  11    8.9     3.3       2   250.0     ---
   1898  12    8.1     2.0       6   377.5     ---
   1899   1    5.7     0.6       8   232.3     ---
   1899   2    7.7     1.5       6    94.4     ---
   1899   3    7.6     1.2       9   162.1     ---
   1899   4    8.7     2.1       5   122.1     ---
   1899   5   12.0     4.2       0    61.1     ---
   1899   6   16.4     8.5       0    64.9     ---
   1899   7   17.2    10.3       0    69.5     ---
   1899   8   19.6    10.3       0    30.1     ---
   1899   9   14.0     7.1       0   214.6     ---
   1899  10   11.9     5.2       0   128.0     ---
   1899  11   11.0     5.1       0   219.0     ---
   1899  12    7.0     1.8       5   147.2     ---
   1900   1    6.8     1.7       2   156.1     ---
   1900   2    5.3    -1.3      13   114.9     ---
   1900   3    6.9     0.5      10    50.7     ---
   1900   4   10.0     3.7       0    91.8     ---
   1900   5   12.0     4.9       0    79.2     ---
   1900   6   16.5     8.8       0    82.3     ---
   1900   7   16.1    10.2       0   104.7     ---
   1900   8   16.7     9.2       0    47.9     ---
   1900   9   14.4     7.4       0   201.6     ---
   1900  10   10.5     3.5       0   214.9     ---
   1900  11    8.8     3.2       5   154.0     ---
   1900  12    8.9     3.1       3   305.7     ---
   1901   1    6.5     1.8       7    72.7     ---
   1901   2    6.0     0.4      10    85.4     ---
   1901   3    6.5     0.8       8    88.9     ---
   1901   4    9.8     2.9       3    79.4     ---
   1901   5   14.8     5.4       0    26.2     ---
   1901   6   14.4     7.7       0    78.1     ---
   1901   7   18.0    10.6       0    49.6     ---
   1901   8   16.0     9.6       0   113.0     ---
   1901   9   17.2     8.6       0    81.5     ---
   1901  10   12.2     3.8       2   158.4     ---
   1901  11    9.5     2.8       4    99.1     ---
   1901  12    6.2     0.9      10   153.0     ---
   1902   1    6.8     0.4      14   137.4     ---
   1902   2    5.8    -0.5      12    99.0     ---
   1902   3    8.6     2.0       5   132.4     ---
   1902   4   11.3     2.8       3    65.9     ---
   1902   5   10.7     3.7       1    91.0     ---
   1902   6   14.9     7.4       0    53.8     ---
   1902   7   14.9     7.8       0    67.2     ---
   1902   8   15.4     8.1       0    63.5     ---
   1902   9   14.9     8.5       0    69.0     ---
   1902  10   12.8     4.7       0   164.4     ---
   1902  11   10.8     4.9       2    97.4     ---
   1902  12    7.9     2.3       4   150.4     ---
   1903   1    6.7     1.3      10   145.7     ---
   1903   2    8.7     2.7       1   181.0     ---
   1903   3    8.0     1.8       2   204.9     ---
   1903   4    9.2     2.8       3    88.2     ---
   1903   5   11.8     4.0       2    57.0     ---
   1903   6   14.9     6.1       0    45.3     ---
   1903   7   15.5     7.7       0   107.6     ---
   1903   8   15.4     7.8       0   216.8     ---
   1903   9   15.6     8.0       0    75.8     ---
   1903  10   10.9     5.3       0   204.7     ---
   1903  11    8.4     3.5       3   147.7     ---
   1903  12    6.4     0.7      12    79.3     ---
   1904   1    7.4     1.7       7   141.0     ---
   1904   2    5.5     1.0       8   120.3     ---
   1904   3    7.2     0.6      14    71.8     ---
   1904   4    9.3     3.2       1   172.6     ---
   1904   5   11.9     4.8       1    63.6     ---
   1904   6   15.4     8.5       0    54.8     ---
   1904   7   16.8     9.5       0    55.0     ---
   1904   8   15.9     9.3       0   133.7     ---
   1904   9   15.3     7.5       0   123.1     ---
   1904  10   11.7     6.1       0   137.5     ---
   1904  11    8.0     3.0       7   163.8     ---
   1904  12    7.4     2.8       5   196.8     ---
   1905   1    7.9     2.9       4   147.6     ---
   1905   2    7.2     1.5       7   155.4     ---
   1905   3    8.4     3.2       0   136.1     ---
   1905   4    8.3     2.3       7    74.9     ---
   1905   5   12.1     5.3       0    42.3     ---
   1905   6   17.0     9.0       0    36.9     ---
   1905   7   16.6    10.7       0    68.8     ---
   1905   8   15.3     9.5       0   120.9     ---
   1905   9   14.6     8.0       0   128.9     ---
   1905  10    9.5     4.3       0    82.0     ---
   1905  11    8.0     3.3       4   121.6     ---
   1905  12    8.3     3.8       2   159.2     ---
   1906   1    7.1     2.5       2   169.5     ---
   1906   2    4.9    -0.2      14   201.8     ---
   1906   3    7.1     0.5       7    39.4     ---
   1906   4    9.5     1.9       3    45.8     ---
   1906   5   10.2     4.3       2    97.2     ---
   1906   6   15.2     8.4       0    40.9     ---
   1906   7   15.8     8.8       0   101.9     ---
   1906   8   16.7    10.0       0    52.7     ---
   1906   9   16.4     8.7       0    22.7     ---
   1906  10   12.9     5.4       2    49.1     ---
   1906  11    9.4     4.7       3   150.3     ---
   1906  12    6.5     1.2      10    99.9     ---
   1907   1    6.8     2.7       7    99.0     ---
   1907   2    6.3     0.4      13   122.6     ---
   1907   3    8.3     2.1       8    75.9     ---
   1907   4   10.0     3.9       0    58.0     ---
   1907   5   11.6     5.8       0    70.5     ---
   1907   6   12.8     7.5       0   112.6     ---
   1907   7   14.9     9.0       0    67.4     ---
   1907   8   13.7     8.4       0   126.9     ---
   1907   9   14.6     8.1       0    68.3     ---
   1907  10   11.6     5.4       1    69.1     ---
   1907  11    8.9     3.1       3   127.0     ---
   1907  12    6.8     2.7       4   128.8     ---
   1908   1    7.2     2.1       4   146.1     ---
   1908   2    7.3     2.8       3   149.8     ---
   1908   3    7.2     1.4       9   157.3     ---
   1908   4    8.6     2.4       3    73.3     ---
   1908   5   12.9     6.5       0    65.4     ---
   1908   6   14.7     8.6       0    60.8     ---
   1908   7   15.2    10.2       0    35.2     ---
   1908   8   15.1     9.2       0    71.8     ---
   1908   9   13.9     7.9       0   160.6     ---
   1908  10   14.0     9.4       0    70.9     ---
   1908  11   10.3     5.1       0   167.2     ---
   1908  12    7.9     3.3       2   179.9     ---
   1909   1    7.1     2.3       6   155.5     ---
   1909   2    7.5     2.9       3    57.6     ---
   1909   3    6.0    -0.1      13    72.2     ---
   1909   4   10.2     3.9       1    78.1     ---
   1909   5   12.2     5.4       0    76.7     ---
   1909   6   13.4     8.0       0    56.4     ---
   1909   7   15.0     9.9       0    78.1     ---
   1909   8   15.2     9.6       0    67.7     ---
   1909   9   14.0     7.6       0    47.7     ---
   1909  10   10.9     6.0       0   205.3     ---
   1909  11    7.8     3.0       6   151.3     ---
   1909  12    5.5     0.1      15   127.0     ---
   1910   1    5.7     0.7      13   187.8     ---
   1910   2    6.5     0.7       8   133.7     ---
   1910   3    8.7     3.3       1    89.0     ---
   1910   4    8.2     2.1       2   163.2     ---
   1910   5   13.0     6.1       0    83.9     ---
   1910   6   15.5     8.8       0    63.4     ---
   1910   7   14.9     9.2       0    78.2     ---
   1910   8   16.2    10.7       0   150.2     ---
   1910   9   14.4     9.0       0    57.6     ---
   1910  10   12.2     6.2       0    84.3     ---
   1910  11    5.9     1.4       6   151.7     ---
   1910  12    7.6     3.9       0   120.7     ---
   1911   1    7.3     3.3       2    92.8     ---
   1911   2    7.8     2.3       4   131.3     ---
   1911   3    7.9     1.6       2    80.8     ---
   1911   4    9.5     3.2       3   110.0     ---
   1911   5   13.6     6.6       0    67.0     ---
   1911   6   15.1     9.1       0    43.4     ---
   1911   7   16.6     9.5       0   134.6     ---
   1911   8   17.2    11.0       0    99.4     ---
   1911   9   14.1     8.4       0    91.6     ---
   1911  10   11.0     4.8       2    86.4     ---
   1911  11    7.6     1.7       3   145.4     ---
   1911  12    8.1     3.6       0   146.2     ---
   1912   1    6.2     2.1       8    92.0     ---
   1912   2    6.9     1.2       8   135.5     ---
   1912   3    8.7     2.9       0   131.4     ---
   1912   4   10.1     4.2       2   100.4     ---
   1912   5   12.0     6.1       0    70.8     ---
   1912   6   13.9     8.7       0    80.9     ---
   1912   7   15.4    10.0       0    67.4     ---
   1912   8   13.5     7.9       0   141.9     ---
   1912   9   13.0     7.0       0    47.7     ---
   1912  10   10.7     5.3       0   139.7     ---
   1912  11    7.6     3.4       3   196.2     ---
   1912  12    7.7     2.3       4   204.3     ---
   1913   1    6.6     3.2       1    88.9     ---
   1913   2    7.5     2.8       2    86.2     ---
   1913   3    7.3     1.4       6   165.5     ---
   1913   4    9.4     3.0       3    88.2     ---
   1913   5   11.7     6.4       0    84.4     ---
   1913   6   14.5     8.9       0    90.9     ---
   1913   7   15.5    10.1       0    22.0     ---
   1913   8   16.0    10.0       0    42.2     ---
   1913   9   14.6     8.0       0    62.6     ---
   1913  10   12.2     6.6       0   160.6     ---
   1913  11    9.8     4.5       0   168.9     ---
   1913  12    7.1     3.4       4   133.2     ---
   1914   1    6.8     2.9       2   158.2     ---
   1914   2    7.8     2.6       1   166.1     ---
   1914   3    7.7     1.6       7   129.7     ---
   1914   4   11.3     5.6       0    86.1     ---
   1914   5   11.3     5.4       0    55.6     ---
   1914   6   15.0     8.6       0    38.8     ---
   1914   7   16.7    10.2       0    86.1     ---
   1914   8   16.9    10.6       0    76.0     ---
   1914   9   14.4     8.8       0   120.5     ---
   1914  10   12.5     7.4       0    63.2     ---
   1914  11    8.9     3.4       2   136.7     ---
   1914  12    5.9     1.1       8   158.5     ---
   1915   1    6.0     1.5       4   191.6     ---
   1915   2    5.9     1.6       5   147.6     ---
   1915   3    7.3     1.9       7   104.5     ---
   1915   4    9.6     3.8       0   100.6     ---
   1915   5   11.5     4.3       2    30.4     ---
   1915   6   14.6     8.2       0    29.9     ---
   1915   7   15.4     9.3       0    72.6     ---
   1915   8   16.1    11.1       0    54.9     ---
   1915   9   14.5     8.7       0    79.5     ---
   1915  10   12.3     6.7       0    47.2     ---
   1915  11    6.8     2.4       4   125.5     ---
   1915  12    5.6     1.4       6   177.2     ---
   1916   1    8.9     4.1       0   196.8     ---
   1916   2    5.7     1.1       5   152.8     ---
   1916   3    5.7     0.6      12    75.7     ---
   1916   4    9.5     3.6       1    97.2     ---
   1916   5   11.7     5.3       0    89.7     ---
   1916   6   12.6     7.7       0    52.0     ---
   1916   7   15.5    10.4       0    44.3     ---
   1916   8   16.4    10.2       0    27.7     ---
   1916   9   14.2     9.1       0    70.3     ---
   1916  10   11.5     6.0       0   143.8     ---
   1916  11    9.5     5.3       0   143.2     ---
   1916  12    6.1     1.8       6   132.9     ---
   1917   1    4.3     0.6      11   107.8     ---
   1917   2    6.4     1.0      10    32.0     ---
   1917   3    6.4     1.5       7    78.8     ---
   1917   4    7.4     1.2      12    84.9     ---
   1917   5   12.4     5.9       0    62.9     ---
   1917   6   14.6     8.2       0    90.1     ---
   1917   7   17.4    10.7       0    43.9     ---
   1917   8   17.5    11.1       0   111.6     ---
   1917   9   14.4     8.6       0   154.3     ---
   1917  10    8.7     3.3       6   249.0     ---
   1917  11    9.2     4.2       0   180.4     ---
   1917  12    6.2     1.7       8    85.0     ---
   1918   1    4.9    -0.2      15   139.0     ---
   1918   2    8.2     3.4       3   148.2     ---
   1918   3    8.3     3.0       3    71.9     ---
   1918   4    9.9     2.9       1    24.0     ---
   1918   5   13.6     7.4       0    53.9     ---
   1918   6   14.2     8.0       0    84.3     ---
   1918   7   16.0    10.1       0   120.4     ---
   1918   8   15.9    11.1       0   173.6     ---
   1918   9   11.7     5.6       0   183.4     ---
   1918  10   11.0     5.2       2   144.0     ---
   1918  11    9.0     4.1       0   132.8     ---
   1918  12    7.5     3.3       3   148.0     ---
   1919   1    6.0     1.7       4   124.3     ---
   1919   2    5.4     0.3      12    56.1     ---
   1919   3    5.7    -0.1      13   148.8     ---
   1919   4    9.2     3.7       2   107.7     ---
   1919   5   14.5     7.3       0    41.0     ---
   1919   6   13.4     8.4       0   137.7     ---
   1919   7   14.1     9.5       0    61.9     ---
   1919   8   14.9    10.5       0   113.1     ---
   1919   9   13.3     8.4       0   130.0     ---
   1919  10   10.5     5.1       1    98.2     ---
   1919  11    5.7     0.9       8   146.8     ---
   1919  12    6.2     2.1       5   165.2     ---
   1920   1    6.6     ---    ---    222.8     ---
   1920   2    8.2     ---    ---    189.0     ---
   1920   3    8.3     ---    ---    127.4     ---
   1920   4    9.1     4.1       0    75.2     ---
   1920   5   12.0     6.6       0   132.2     ---
   1920   6   15.9     9.4       0    38.5     ---
   1920   7   15.4     9.6       0    70.2     ---
   1920   8   14.7     9.0       0    57.0     ---
   1920   9   14.1     8.2       0   108.2     ---
   1920  10   13.4     8.5       0    67.5     ---
   1920  11   10.3     5.8       0   216.7     ---
   1920  12    7.5     3.6       2   126.9     ---
   1921   1    7.7     3.5       1   207.2     ---
   1921   2    8.1     4.3       1    64.1     ---
   1921   3    8.1     2.6       4   169.8     ---
   1921   4   11.4     4.3       2    63.5     ---
   1921   5   11.8     6.0       0    80.6     ---
   1921   6   14.1     8.3       0    83.5     ---
   1921   7   16.2    10.3       0    81.5     ---
   1921   8   14.6     8.3       0    84.1     ---
   1921   9   14.1     8.4       0   117.9     ---
   1921  10   12.9     7.6       2   122.1     ---
   1921  11    8.5     2.8       7    92.0     ---
   1921  12    9.3     3.4       0   220.1     ---
   1922   1    6.2     1.8       4   147.9     ---
   1922   2    7.5     2.3       4   136.1     ---
   1922   3    7.8     2.2       1    79.5     ---
   1922   4    7.6     1.0       9    65.1     ---
   1922   5   11.5     5.8       0   123.4     ---
   1922   6   13.1     7.6       0    71.5     ---
   1922   7   14.0     8.0       0    54.4     ---
   1922   8   14.0     8.2       0   117.2     ---
   1922   9   13.5     6.4       0    70.1     ---
   1922  10   11.3     3.2       6    77.8     ---
   1922  11    9.0     3.1       5    95.0     ---
   1922  12    7.8     3.6       4   149.4     ---
   1923   1    8.8     3.6       1   167.3     ---
   1923   2    7.1     3.3       0   104.6     ---
   1923   3    9.5     1.7      13    32.3     ---
   1923   4    9.3     3.0       1    70.4     ---
   1923   5    9.4     3.7       0    81.8     ---
   1923   6   12.2     7.1       0    67.1     ---
   1923   7   16.1    10.3       0    99.2     ---
   1923   8   15.0     8.9       0   135.0     ---
   1923   9   13.0     6.6       0   125.7     ---
   1923  10   10.6     4.7       1   189.2     ---
   1923  11    6.0     0.7      11   184.1     ---
   1923  12    6.9     1.5       7   141.6     ---
   1924   1    7.5     2.6       6   115.9     ---
   1924   2    7.1     1.8       5    77.2     ---
   1924   3    6.3     1.0       8   111.0     ---
   1924   4    9.0     1.9       7    72.8     ---
   1924   5   10.9     4.8       1    77.6     ---
   1924   6   13.3     7.6       0    84.6     ---
   1924   7   15.7     9.1       0   123.9     ---
   1924   8   14.9    10.2       0   120.3     ---
   1924   9   13.8     7.5       0   111.8     ---
   1924  10   11.7     5.2       0   126.2     ---
   1924  11    9.9     4.7       1   105.1     ---
   1924  12    9.3     4.5       1   234.6     ---
   1925   1    7.9     3.1       5   147.8     ---
   1925   2    6.5     1.3       5   137.0     ---
   1925   3    7.2     1.6       7    99.8     ---
   1925   4    9.1     2.7       4    96.5     ---
   1925   5   11.6     6.4       0    93.3     ---
   1925   6   14.9     8.7       0    24.8     ---
   1925   7   17.1    10.6       0    52.9     ---
   1925   8   15.9     9.8       0    80.2     ---
   1925   9   12.4     6.8       0    98.6     ---
   1925  10   11.2     5.7       3   120.2     ---
   1925  11    7.8     2.6       8   110.3     ---
   1925  12    5.5     0.2      12   145.6     ---
   1926   1    7.6     2.7       5   138.9     ---
   1926   2    7.8     2.1       4    82.1     ---
   1926   3    8.6     2.2       8   110.2     ---
   1926   4   11.1     5.3       0    59.0     ---
   1926   5   11.6     5.1       0    88.0     ---
   1926   6   14.7     8.8       0    52.1     ---
   1926   7   17.3     9.3       0    47.2     ---
   1926   8   16.7    10.2       0   113.2     ---
   1926   9   14.2     8.0       0   168.7     ---
   1926  10    8.8     3.1       4   146.0     ---
   1926  11    8.5     2.1       5   119.9     ---
   1926  12    7.9     2.9       6   133.8     ---
   1927   1    6.7     2.1       5   194.7     ---
   1927   2    8.1     3.0       0    54.0     ---
   1927   3    9.3     2.7       5    71.6     ---
   1927   4    ---     ---     ---   164.3     ---
   1927   5   10.9     4.3       2    45.9     ---
   1927   6   12.6     6.2       0    95.4     ---
   1927   7   16.9    10.3       0    99.6     ---
   1927   8   17.1     9.5       0    69.0     ---
   1927   9   12.9     6.6       0   155.3     ---
   1927  10   11.5     4.9       3   186.0     ---
   1927  11    8.4     3.3       5   138.9     ---
   1927  12    5.0     0.2      15    29.6     ---
   1928   1    7.3     1.8       4   268.9     ---
   1928   2    7.9     1.4       7   139.5     ---
   1928   3    7.7     2.4       5    88.3     ---
   1928   4    9.8     3.2       2    62.1     ---
   1928   5   12.4     5.8       0    46.1     ---
   1928   6   12.8     6.2       0    83.9     ---
   1928   7   14.5     9.5       0    77.4     ---
   1928   8   16.0     9.3       0    55.5     ---
   1928   9   13.9     6.8       0    76.9     ---
   1928  10   11.9     6.0       0   128.8     ---
   1928  11    9.0     3.8       3   171.3     ---
   1928  12    6.9     2.8       3   140.6     ---
   1929   1    5.4     0.1      14    46.8    47.8
   1929   2    5.8     1.2      12    36.6    66.2
   1929   3   10.6     2.2      11    22.3   130.9
   1929   4    9.0     2.1       3    40.5   196.4
   1929   5   12.8     5.5       1    56.5   236.4
   1929   6   13.2     7.4       0    82.8   136.8
   1929   7   15.9     9.9       0    74.0   102.5
   1929   8   15.3     9.2       0   148.2   121.1
   1929   9   14.1     8.9       0   157.2    85.0
   1929  10   10.3     5.1       1   193.3    78.0
   1929  11    8.5     4.2       3   156.0    55.2
   1929  12    7.4     2.8       0   196.3    22.0
   1930   1    6.5     2.0       5   168.2    29.7
   1930   2    6.1     0.8       6    18.8    75.2
   1930   3    6.7    -0.2      19    77.9   122.4
   1930   4   10.2     3.7       3    50.6   184.8
   1930   5   11.9     5.3       2    63.1   218.0
   1930   6   16.0     9.0       0    66.1   231.0
   1930   7   15.5    10.0       0    37.3   115.8
   1930   8   15.8    10.8       0   121.9    99.9
   1930   9   14.6     8.5       0    64.0    91.5
   1930  10   11.1     6.3       0   182.1    66.6
   1930  11    8.2     2.3       4   136.0    45.5
   1930  12    8.0     3.4       2   123.6    24.7
   1931   1    6.9     1.9       4   194.0    32.4
   1931   2    6.5     1.4       5   177.0    63.7
   1931   3    6.6     0.8       9    38.9   147.5
   1931   4    9.4     3.8       1    85.1   133.8
   1931   5   11.8     6.4       0    93.5   170.8
   1931   6   13.3     8.3       0    80.2   154.3
   1931   7   15.3    10.4       0    52.6   104.1
   1931   8   16.1     9.5       0    35.1   177.9
   1931   9   14.0     7.9       0    42.1    92.9
   1931  10   11.7     5.9       1   126.8    69.1
   1931  11   10.6     6.1       0   123.9    44.8
   1931  12    9.4     4.5       2   144.5    10.6
   1932   1    9.3     3.5       4   265.5    20.0
   1932   2    8.4     3.6       1    15.0    67.8
   1932   3    8.2     2.5       5    74.9    74.8
   1932   4    8.8     2.0       2    98.4   142.6
   1932   5   11.4     5.7       0    38.2   173.8
   1932   6   14.8     8.2       0    39.6   166.4
   1932   7   15.9    10.5       0    71.5   143.5
   1932   8   16.1    10.5       0   116.2   131.6
   1932   9   13.6     7.8       0   120.9    93.4
   1932  10   10.6     5.1       0   136.6    56.1
   1932  11    9.5     4.1       0   116.4    46.3
   1932  12    8.4     3.0       5    97.6    31.6
   1933   1    7.2     2.4       5   144.1    38.3
   1933   2    6.4     1.5       7    87.0    58.4
   1933   3    9.6     4.3       1    55.4    88.4
   1933   4   10.0     5.0       0    72.3   104.7
   1933   5   12.5     6.8       0    23.4   196.6
   1933   6   16.1     9.8       0    52.1   201.9
   1933   7   18.1    12.3       0    63.3   126.9
   1933   8   16.8    11.2       0   154.5   158.8
   1933   9   15.6    10.3       0    22.8   155.3
   1933  10   11.6     7.0       0   121.9    41.8
   1933  11    9.2     4.7       0    45.3    50.8
   1933  12    7.8     4.0       0    40.3    30.7
   1934   1    8.5     3.7       0   162.5    28.1
   1934   2    8.6     4.8       3    65.9    43.7
   1934   3    7.2     1.8       3    76.8   145.6
   1934   4    8.2     3.3       1    94.7   117.3
   1934   5   11.4     5.5       0    66.2   150.5
   1934   6   14.0     8.6       0    48.1   228.3
   1934   7   17.0    11.3       0   132.4   167.4
   1934   8   15.5    11.4       0   119.6    99.5
   1934   9   14.6     9.5       0   139.9   125.3
   1934  10   11.1     6.0       1   169.0    70.8
   1934  11    8.6     4.0       0    59.8    52.3
   1934  12    9.1     6.1       0    88.7    16.8
   1935   1    8.1     3.8       1   127.8    23.0
   1935   2    7.3     2.4       4   116.3    51.9
   1935   3    9.1     3.8       0    95.7   149.8
   1935   4    8.9     3.5       2    58.6   137.4
   1935   5   11.9     5.9       1    42.1   274.3
   1935   6   14.2     8.9       0    67.5   174.7
   1935   7   16.0    10.6       0    62.0   147.8
   1935   8   16.3    11.0       0    92.2    82.9
   1935   9   14.2     9.2       0   171.7   117.3
   1935  10   10.5     5.7       0   191.2    55.7
   1935  11    9.0     4.7       0    84.4    53.2
   1935  12    5.7     2.1       2    70.3    53.6
   1936   1    5.3     1.2       7    72.5    43.1
   1936   2    6.3     1.5       4    57.0    80.9
   1936   3    8.5     3.6       2    39.8    91.5
   1936   4    8.6     2.7       4    49.8   162.4
   1936   5   12.7     6.8       0    29.9   212.2
   1936   6   15.3     8.5       0    23.2   241.1
   1936   7   16.4    11.0       0    86.6   163.1
   1936   8   16.2    11.4       0    81.3    98.0
   1936   9   15.0     9.9       0   112.1   104.3
   1936  10   12.2     6.6       0   127.6    97.6
   1936  11    9.2     4.6       0   110.8    25.2
   1936  12    7.9     3.4       2   197.0    12.1
   1937   1    7.8     3.8       0   121.7    29.5
   1937   2    6.4     1.9       5   105.6    70.7
   1937   3    5.3     0.6      13    49.9   141.4
   1937   4   10.4     5.5       0    45.2   105.0
   1937   5   13.4     7.1       0    67.4   236.3
   1937   6   14.3     8.6       0    85.4   153.7
   1937   7   15.5    10.3       0    40.6   103.4
   1937   8   15.8    10.9       0   102.9   116.0
   1937   9   13.7     8.9       0   112.0   102.4
   1937  10   11.7     7.3       0    58.9    61.7
   1937  11    9.0     4.5       0    56.7    40.5
   1937  12    6.4     2.6       5    60.9    37.0
   1938   1    7.8     3.1       0   180.4    29.6
   1938   2    7.6     2.6       0    90.5    52.1
   1938   3   10.1     5.8       0   109.8    55.2
   1938   4   10.2     4.7       1    21.7   140.3
   1938   5   11.0     5.2       2    72.5   208.7
   1938   6   13.3     8.4       0   117.3   100.5
   1938   7   15.2    10.2       0    67.7   126.4
   1938   8   16.8    10.7       0   114.8   187.4
   1938   9   14.5     9.8       0   106.5   112.1
   1938  10   11.6     6.8       0   219.9    80.9
   1938  11    9.6     5.5       0   145.4    30.8
   1938  12    7.4     3.5       5   112.0    36.2
   1939   1    5.6     1.6      10   123.5    60.4
   1939   2    8.4     4.0       0   137.9    38.9
   1939   3    8.3     3.3       0   103.6   123.5
   1939   4    9.9     4.5       0    65.2   174.0
   1939   5   12.1     7.3       0    30.5   174.6
   1939   6   14.9     8.4       0    33.1   163.5
   1939   7   14.5    10.4       0   143.7    57.2
   1939   8   17.0    11.6       0    64.2   203.9
   1939   9   15.4    10.2       0    69.5   112.6
   1939  10   11.1     6.5       0    83.4   134.2
   1939  11    9.4     5.2       0   161.5    38.0
   1939  12    7.4     3.9       1    75.5    19.5
   1940   1    5.4     1.8       8    64.3    31.7
   1940   2    6.5     2.7       5    48.4    61.8
   1940   3    7.5     2.0       6    56.4    78.0
   1940   4    9.5     4.2       0    98.5   145.1
   1940   5   14.0     8.0       0    42.3   185.8
   1940   6   16.7    10.1       0    41.5   211.2
   1940   7   14.9    10.3       0   119.6   100.5
   1940   8   15.3    10.1       0    81.6   117.1
   1940   9   13.0     7.8       0    92.4   103.4
   1940  10   11.6     7.2       0   111.8    65.3
   1940  11    8.9     4.2       0   145.9    36.4
   1940  12    6.9     2.9       2   118.9    34.3
   1941   1    4.3     0.8       9    79.4    44.5
   1941   2    5.7     1.0      12   103.8    58.0
   1941   3    6.9     1.4       4    35.3   133.0
   1941   4    8.4     3.2       0    39.1   146.6
   1941   5   11.0     4.9       1    25.0   211.8
   1941   6   14.7     8.4       0    14.4   175.8
   1941   7   15.9    10.9       0    98.1   118.7
   1941   8   14.9    10.4       0   131.8    84.5
   1941   9   15.3    10.8       0    43.4    89.6
   1941  10   12.2     6.5       2    99.2    93.7
   1941  11    9.6     4.9       0   109.3    49.2
   1941  12    9.1     4.7       0   105.9    15.0
   1942   1    6.6     2.2       4   111.8    38.9
   1942   2    6.2     1.2       7    83.6    47.0
   1942   3    7.1     3.1       5    67.3    57.4
   1942   4   11.3     5.0       0    30.1   215.3
   1942   5   12.0     6.0       0    38.9   237.9
   1942   6   13.2     8.0       0    57.1    92.0
   1942   7   15.3    10.2       0   120.6   130.1
   1942   8   15.2    11.5       0   100.9    74.5
   1942   9   13.5     9.1       0   115.3   100.0
   1942  10   11.0     6.2       0   153.0    63.2
   1942  11    9.1     3.1       2    66.1    42.7
   1942  12    9.3     3.8       5   196.3    15.7
   1943   1    7.4     2.5       4   108.4    40.4
   1943   2    9.0     2.7       2   146.7    21.7
   1943   3    9.6     3.9       0    85.6   113.1
   1943   4   10.9     5.0       0    87.2   101.2
   1943   5   12.3     5.6       2    57.3   168.8
   1943   6   14.3     8.4       0    68.5   118.6
   1943   7   15.7     9.7       0   106.3   169.0
   1943   8   14.7     9.3       0   133.3    94.4
   1943   9   14.4     7.9       0    92.4   109.1
   1943  10   12.8     7.7       0   193.5    52.9
   1943  11    9.0     3.6       2   130.3    38.1
   1943  12    8.3     2.9       2    71.8    40.4
   1944   1    8.1     2.8       3   142.6    16.1
   1944   2    7.2     1.4       9    49.4    41.3
   1944   3    7.8     2.6       8   108.6    65.6
   1944   4   11.5     5.5       2    33.8    95.3
   1944   5   11.7     6.4       0    56.1    93.3
   1944   6   13.6     8.4       0   106.5   120.0
   1944   7   16.9    11.2       0    17.1   170.5
   1944   8   17.6     9.8       0   100.9   167.1
   1944   9   13.8     7.0       0    86.0   123.6
   1944  10   11.4     5.1       0   133.2    73.3
   1944  11    8.0     1.6       6   115.1    52.5
   1944  12    7.2     2.2       6   136.0    21.1
   1945   1    4.4    -2.3      23    97.2    37.1
   1945   2    8.6     3.3       3   116.2    54.6
   1945   3   10.5     5.4       0    73.4    62.1
   1945   4   10.3     4.7       2    57.1   109.5
   1945   5   12.7     5.8       0    72.8   161.6
   1945   6   15.4     8.5       0    79.3   187.6
   1945   7   16.6    11.3       0    69.5    86.3
   1945   8   17.0    10.8       0    53.6   159.1
   1945   9   15.6     9.6       0   133.7   109.4
   1945  10   13.5     7.8       0    73.0    80.8
   1945  11   10.9     4.8       3    23.6    60.0
   1945  12    8.7     3.1       4   114.1    20.1
   1946   1    7.6     2.6       4   110.3    27.6
   1946   2    7.3     1.3       6   106.8    53.2
   1946   3    8.5     3.0       6    57.3   100.1
   1946   4   10.7     4.6       0    62.7   157.7
   1946   5   13.1     5.7       0    25.6   258.9
   1946   6   14.3     7.9       0    96.9   141.2
   1946   7   15.2    10.5       0   114.4    92.4
   1946   8   15.6     9.0       0    80.4   179.0
   1946   9   14.3     9.0       0   159.5   114.2
   1946  10   11.9     5.4       3    19.4   110.5
   1946  11    9.5     4.1       6   137.3    47.4
   1946  12    7.6     1.4       8   106.5    39.4
   1947   1    6.7     1.2      10    69.8    58.4
   1947   2    2.9    -2.1      17    11.1    86.3
   1947   3    5.4    -0.2      15    34.4   118.1
   1947   4    9.1     3.7       0   143.8   109.0
   1947   5   13.4     6.7       0    52.0   176.1
   1947   6   14.6     8.7       0    68.0   120.6
   1947   7   16.6    10.0       0    77.6   132.3
   1947   8   19.4    10.7       0    12.5   199.1
   1947   9   14.8     8.4       0   170.7   104.2
   1947  10   13.2     7.3       1    78.3   103.2
   1947  11    8.4     3.0       6   194.2    53.9
   1947  12    7.7     3.0       8   102.2    20.7
   1948   1    6.1     0.2      14   138.5    35.3
   1948   2    7.7     1.4       7   114.7    73.5
   1948   3   10.5     3.5       4    78.3   113.1
   1948   4   10.5     3.9       3    98.6   133.8
   1948   5   13.0     4.7       3    31.1   231.1
   1948   6   14.9     8.8       0    54.9   166.2
   1948   7   15.9     9.9       0    66.9   130.5
   1948   8   14.9    10.1       0    96.2    97.4
   1948   9   14.0     8.2       0   182.4   100.0
   1948  10   11.3     5.8       3   123.2    93.8
   1948  11   10.6     4.6       4   108.2    41.4
   1948  12    9.0     4.2       3   149.8    24.3
   1949   1    7.9     1.5       6   153.7    21.5
   1949   2    8.6     2.6       3   141.1    59.6
   1949   3    8.8     1.9       9    65.3   136.2
   1949   4   10.6     4.6       1   106.4   112.6
   1949   5   12.1     5.7       0    63.4   146.9
   1949   6   15.5     8.6       0    27.4   271.4
   1949   7   17.3    11.0       0    35.2   144.3
   1949   8   16.5    10.6       0    81.9   113.8
   1949   9   16.1    10.2       0    86.8   156.3
   1949  10   12.9     8.0       1   123.6    51.9
   1949  11   10.0     3.3       3   146.6    46.6
   1949  12    7.4     1.3       5   214.3    16.4
   1950   1    8.4     4.8       0    90.2    22.1
   1950   2    6.6     0.3      13    98.2    73.9
   1950   3    9.4     4.2       3    87.4    72.9
   1950   4    9.2     2.7       3   123.5   141.1
   1950   5   12.6     6.4       0    24.8   237.5
   1950   6   15.2     8.5       0    66.6   118.3
   1950   7   16.8    10.7       0    79.5   167.8
   1950   8   17.0    10.6       0    89.8   187.2
   1950   9   13.6     8.2       0   180.0   102.7
   1950  10   11.7     5.8       1   111.0    82.9
   1950  11    7.8     2.9       4   108.3    63.2
   1950  12    4.6    -0.7      18   168.4    26.0
   1951   1    6.0     0.6      13   125.5    43.9
   1951   2    6.0    -0.2      13    78.4    59.9
   1951   3    6.5     1.3      10    61.9   102.2
   1951   4    8.2     1.5       7   106.2   165.8
   1951   5   12.0     5.4       0    24.3   253.6
   1951   6   13.9     7.3       0    59.5   209.6
   1951   7   15.4     9.7       0    86.2    91.9
   1951   8   15.2     9.5       0    65.5   126.6
   1951   9   14.8     9.0       0    57.5    88.5
   1951  10   12.7     6.4       2    86.1    85.5
   1951  11   10.1     4.2       4   147.9    34.0
   1951  12    7.5     2.9       3   157.0    30.7
   1952   1    4.9    -0.3      12   139.5    33.5
   1952   2    6.6     1.9      11    81.3    57.6
   1952   3    8.3     3.6       2   103.6    94.2
   1952   4   11.2     5.0       1    46.9   161.2
   1952   5   14.0     7.6       0    55.1   191.7
   1952   6   13.2     7.7       0    68.7   116.9
   1952   7   15.9     9.8       0    72.3   129.2
   1952   8   15.7    10.8       0    88.5   111.1
   1952   9   12.3     6.3       0   102.0    92.0
   1952  10   11.1     6.1       1   131.3    97.0
   1952  11    7.2     1.9       8    93.4    57.3
   1952  12    7.0     2.0       7   151.2    14.8
   1953   1    7.9     3.4       4    86.7    29.1
   1953   2    8.4     2.9       6    72.9    69.2
   1953   3   10.3     3.5       4    46.0   133.0
   1953   4    9.2     2.3       4    89.3   169.3
   1953   5   13.3     7.3       0    53.7   193.8
   1953   6   15.4     9.3       0    42.5   167.5
   1953   7   15.6    10.4       0   104.3    84.9
   1953   8   16.3    10.5       0    92.1   112.2
   1953   9   15.6    10.1       0    60.5   115.3
   1953  10   12.7     7.8       0   115.3    53.1
   1953  11   10.5     5.3       0   180.7    38.3
   1953  12    9.3     3.1       4   106.3    24.9
   1954   1    7.0     2.5       3    95.8    38.5
   1954   2    5.7     1.7       7    95.0    46.2
   1954   3    8.3     1.6       9    97.6   138.2
   1954   4   10.9     4.1       1    36.7   191.5
   1954   5   12.5     6.8       0    70.6   147.5
   1954   6   14.1     8.4       0    93.4   193.5
   1954   7   14.7     9.8       0    60.9   104.1
   1954   8   15.0    10.1       0    46.2   134.0
   1954   9   13.1     7.2       0   111.9   112.2
   1954  10   11.7     6.2       0   181.3    75.6
   1954  11    9.0     2.5       4   137.5    46.4
   1954  12    8.6     2.9       6   163.5    21.4
   1955   1    5.2    -0.4      15    91.3    44.5
   1955   2    4.2    -2.1      16    60.5    96.2
   1955   3    7.2     1.4       8    45.4   101.8
   1955   4   11.7     4.6       0    50.8   160.9
   1955   5   11.5     4.2       3    63.4   225.9
   1955   6   15.0     8.4       0    57.9   185.2
   1955   7   18.2    10.5       0    14.3   215.4
   1955   8   18.1    11.5       0    35.8   146.0
   1955   9   15.5     9.5       0   104.6    99.8
   1955  10   10.8     4.9       2   102.7    58.1
   1955  11   10.8     5.9       4    60.9    51.0
   1955  12    7.1     1.5       6   188.4    23.1
   1956   1    5.9     0.3      13   133.1    38.1
   1956   2    6.4     1.0      10    65.1    56.5
   1956   3    9.0     2.8       4    36.3   146.9
   1956   4    9.0     1.8       6    63.7   156.4
   1956   5   12.5     6.6       0    63.8   146.2
   1956   6   14.0     7.2       0    52.7   205.0
   1956   7   15.8    10.4       0   132.0   179.4
   1956   8   13.8     8.6       0    91.3   130.6
   1956   9   14.4     8.9       0    82.1    77.6
   1956  10   11.4     6.1       0   115.9    67.1
   1956  11    9.7     5.0       1   118.0    20.7
   1956  12    9.0     3.5       1   127.9    18.8
   1957   1    8.3     2.0       6   158.1    27.1
   1957   2    6.6     1.2      10    60.8    79.7
   1957   3   10.1     5.1       1   105.9    82.5
   1957   4   10.8     4.7       1    59.9   168.5
   1957   5   12.1     5.6       0    57.1   178.2
   1957   6   14.5     8.0       0    89.6   207.8
   1957   7   14.7    10.4       0    60.0    85.7
   1957   8   15.6    10.1       0   132.0   135.8
   1957   9   13.3     8.0       0    83.0   117.9
   1957  10   11.9     6.2       0   133.6    55.6
   1957  11    9.1     3.9       5    77.3    38.5
   1957  12    7.6     2.2       7   184.7    36.1
   1958   1    6.4    -0.1      11   171.2    33.2
   1958   2    6.2     0.7      12    89.9    46.0
   1958   3    5.8     1.1      11    54.1   136.8
   1958   4   10.2     3.9       2    44.7   131.5
   1958   5   10.8     4.2       1   128.6   195.6
   1958   6   14.3     9.1       0    38.8   177.2
   1958   7   15.5    10.6       0    36.6   151.6
   1958   8   16.0    10.3       0    82.8   113.8
   1958   9   16.3    10.3       0    85.1   117.5
   1958  10   12.6     6.9       0    93.4    82.6
   1958  11   10.7     5.0       1    57.3    52.3
   1958  12    7.4     2.6       4    79.5    28.4
   1959   1    4.6    -0.8      19   192.1    44.0
   1959   2    9.0     2.8       5    53.8    83.0
   1959   3    9.6     3.8       2    51.1   117.6
   1959   4   10.4     4.3       1   136.2   130.0
   1959   5   13.6     6.8       0    35.8   241.3
   1959   6   15.8     8.7       0    74.4   206.0
   1959   7   15.6    11.0       0   102.8    74.8
   1959   8   16.5    11.1       0    72.7   104.1
   1959   9   15.8     9.3       0    69.6   140.0
   1959  10   14.1     8.4       0   143.0   104.2
   1959  11    9.9     4.8       2   173.4    38.0
   1959  12    8.2     2.7       4   135.9    28.6
   1960   1    7.0     0.5       9   107.0    39.2
   1960   2    5.8     0.1      16   110.6    92.5
   1960   3    9.2     3.6       3    32.0   130.2
   1960   4   11.1     5.2       1    76.4   139.2
   1960   5   14.2     7.5       0    42.9   177.1
   1960   6   16.2     9.5       0    73.5   206.9
   1960   7   16.3    10.5       0    77.4   152.4
   1960   8   15.4     9.6       0    79.6   132.1
   1960   9   14.9     8.6       0    79.6   150.5
   1960  10   11.9     7.1       0    43.1    68.6
   1960  11    9.5     3.6       6   102.6    55.6
   1960  12    6.7     1.3       9   129.6    43.0
   1961   1    6.6     1.2       9    98.6    60.7
   1961   2    8.4     3.5       5   129.1    64.6
   1961   3   10.4     5.1       2    85.2    79.4
   1961   4   10.5     4.3       4    64.0   172.6
   1961   5   12.7     6.3       1    42.8   219.8
   1961   6   14.1     8.3       0    74.3   156.2
   1961   7   15.0     9.9       0   136.1    89.4
   1961   8   15.5     9.8       0    97.6   122.1
   1961   9   14.8     8.8       0    98.0   117.9
   1961  10   12.0     6.8       0   156.6    84.1
   1961  11    8.4     1.2      12   106.6    61.6
   1961  12    5.8    -1.1      19   104.0    26.3
   1962   1    7.0     1.1       7   194.8    36.2
   1962   2    7.9     1.2       8   117.2    68.6
   1962   3    5.8    -0.6      15    70.2   124.5
   1962   4    9.8     2.3       8    44.5   230.2
   1962   5   11.6     5.7       0    73.0   151.6
   1962   6   14.5     8.1       0    77.9   154.7
   1962   7   14.9     9.2       0    52.4   181.8
   1962   8   14.8     8.7       0   145.7   158.1
   1962   9   13.6     7.5       0    70.5    95.5
   1962  10   12.5     7.7       0    87.5    57.3
   1962  11    8.6     3.1       8    79.3    44.8
   1962  12    7.8     2.5       7   131.5    27.1
   1963   1    4.7    -0.3      15    25.6    66.0
   1963   2    5.3    -0.5      13    10.2    75.8
   1963   3    9.0     2.9       5   114.7   110.9
   1963   4   10.4     3.9       3    53.7   182.2
   1963   5   11.8     4.9       0   102.0   203.1
   1963   6   15.3     8.9       0    49.3   170.8
   1963   7   15.2     9.0       0    66.0   180.1
   1963   8   14.6     8.9       0    60.1   111.9
   1963   9   13.6     8.4       0   112.9    97.8
   1963  10   12.3     6.2       0   126.2    66.0
   1963  11    8.9     3.2       7   120.6    49.2
   1963  12    7.3     1.5       9    58.1    27.5
   1964   1    8.8     3.9       4    59.1    36.2
   1964   2    7.8     2.1       8    50.6    72.5
   1964   3    8.7     3.5       4    23.1   118.9
   1964   4   10.4     4.3       2   113.4   128.6
   1964   5   12.9     7.3       0    76.7   151.4
   1964   6   14.2     7.8       0    58.6   160.3
   1964   7   15.2     9.4       0    97.3   131.2
   1964   8   14.2     8.4       0   129.0   144.9
   1964   9   13.9     7.7       1   174.9    75.4
   1964  10   11.8     5.1       2    97.4    81.3
   1964  11    9.8     4.1       3   119.7    28.0
   1964  12    6.7     0.6      11   143.9    20.3
   1965   1    6.0     0.5      13   130.4    40.9
   1965   2    7.2     2.1       6    36.0    31.3
   1965   3    7.7     2.2       6    74.6   110.4
   1965   4   10.0     3.0       3    88.9   152.7
   1965   5   11.8     6.3       2    71.4   124.0
   1965   6   14.6     9.4       0    85.2   132.0
   1965   7   14.5     8.4       0    29.3   152.5
   1965   8   15.2     9.1       0   110.9   132.0
   1965   9   13.3     8.5       0   123.5    69.6
   1965  10   12.7     6.7       0   122.2    85.4
   1965  11    6.8     1.5       9    93.3    61.9
   1965  12    6.2     0.4      13   145.7    30.3
   1966   1    6.2     1.3      11    56.9    32.4
   1966   2    6.4     1.8       7    68.3    69.6
   1966   3    8.9     2.9       7   147.9    90.8
   1966   4    8.6     2.4       7    37.2   170.6
   1966   5   12.4     4.8       0    83.0   182.3
   1966   6   15.7     9.9       0    92.2   134.0
   1966   7   15.9     9.4       0    68.0   135.5
   1966   8   15.6     8.7       0    40.8   168.5
   1966   9   14.6     9.7       0    85.8    82.3
   1966  10   11.5     4.9       1    99.7    76.7
   1966  11    7.6     1.8       7   131.7    56.7
   1966  12    6.8     0.6       9   186.1    20.3
   1967   1    7.0     3.2       6    92.4    17.6
   1967   2    8.0     3.3       2   107.5    69.5
   1967   3    8.5     2.1       5   201.8   101.7
   1967   4    9.9     3.1       8    68.5   128.6
   1967   5   11.7     4.9       1    58.1   201.3
   1967   6   15.4     7.6       0    82.4   223.1
   1967   7   15.4     9.7       0    63.6   115.6
   1967   8   16.1    10.0       0    62.5   126.4
   1967   9   14.8     8.8       0   113.2    91.1
   1967  10   11.0     5.1       1   220.3    99.4
   1967  11    9.2     3.1       4   119.8    36.4
   1967  12    6.9     1.7       9   127.8    23.7
   1968   1    6.6     1.1       7   118.7    32.7
   1968   2    5.4    -1.1      16    58.2    97.9
   1968   3    8.5     2.2       8   100.7    92.0
   1968   4   10.4     2.6      10    36.7   164.6
   1968   5   11.2     3.8       5    42.1   197.6
   1968   6   15.9     8.0       0    65.8   183.5
   1968   7   15.5     9.7       0    43.0   155.0
   1968   8   16.2     8.4       0    30.7   214.4
   1968   9   15.2     9.1       0    34.1   130.9
   1968  10   13.1     7.4       0   159.1    55.8
   1968  11    9.3     4.2       3    38.2    73.3
   1968  12    7.2     2.4      10    72.7    22.6
   1969   1    7.2     2.4       5    89.8    27.6
   1969   2    4.3    -1.2      18    85.5    81.3
   1969   3    7.3     0.6      11    18.6   136.7
   1969   4    9.9     2.0       7    75.9   186.0
   1969   5   11.5     6.3       1    73.4   138.4
   1969   6   15.7     7.9       0    54.5   206.2
   1969   7   16.0    10.0       0    64.8   116.2
   1969   8   16.7    11.1       0    52.1   142.9
   1969   9   14.1     8.3       0   178.1   108.3
   1969  10   13.8     7.7       0   130.7    58.1
   1969  11    6.2     0.2      15   130.1    36.7
   1969  12    6.9     1.4      11    80.5    33.5
   1970   1    6.6     2.3       7    58.9    36.5
   1970   2    5.1    -1.8      19   122.5    84.1
   1970   3    6.5    -0.3      15   114.5   125.8
   1970   4    8.7     1.6       8    80.5   177.8
   1970   5   12.6     6.7       0    57.3   135.3
   1970   6   17.3     9.6       0    42.3   278.1
   1970   7   14.3     8.6       0    83.5    96.2
   1970   8   15.9     9.6       0    69.8   113.1
   1970   9   14.2     8.2       0   101.1    84.7
   1970  10   11.8     6.2       1   213.3    45.1
   1970  11    8.4     2.7       7   142.7    48.9
   1970  12    7.7     2.1       6    63.9    23.3
   1971   1    7.7     2.8       5   106.7    22.9
   1971   2    8.1     2.4       6    98.2    47.6
   1971   3    8.6     2.1       8    92.8   106.4
   1971   4   10.3     3.5       3    66.8   120.9
   1971   5   13.1     6.6       0    78.7   180.3
   1971   6   13.0     7.2       0    49.2   173.2
   1971   7   15.6     9.8       0    50.7   150.6
   1971   8   15.6     8.9       0    65.4   153.0
   1971   9   15.3     8.4       1    96.0   117.2
   1971  10   12.8     6.7       2   128.4    88.4
   1971  11    8.6     2.9       6   130.1    29.3
   1971  12    9.4     4.5       4   163.3    24.1
   1972   1    6.8     2.5       7    72.5    35.9
   1972   2    7.2     1.8       7    43.8    66.3
   1972   3    8.9     1.8      11    46.4   123.5
   1972   4   10.3     3.3       3    85.5   137.5
   1972   5   12.8     6.5       0    68.3   150.3
   1972   6   13.0     6.9       0    78.8   150.4
   1972   7   15.5     9.4       0    46.5   158.3
   1972   8   14.9     8.4       0    69.0    92.8
   1972   9   13.5     6.8       0    40.6    98.0
   1972  10   12.7     6.1       1    77.5    86.5
   1972  11    8.2     2.2       9   148.6    47.5
   1972  12    8.6     3.0       7   130.2    19.0
   1973   1    8.0     2.8       4    83.0    26.0
   1973   2    6.7     0.6      12   152.2    52.1
   1973   3    9.2     2.9       5    77.3   108.9
   1973   4    8.8     2.1       8    71.2   139.0
   1973   5   12.1     5.5       0    79.2   184.3
   1973   6   14.4     7.5       0    89.8   114.7
   1973   7   15.5    10.0       0    70.8   126.6
   1973   8   16.5     9.5       0    93.7   144.2
   1973   9   14.0     8.4       0   103.5    92.0
   1973  10   11.5     4.1       5    63.8   100.1
   1973  11    7.9     2.6      10   154.2    31.6
   1973  12    7.2     2.0       8   147.4    18.9
   1974   1    8.3     3.8       1   185.5    14.9
   1974   2    7.5     2.7       3   138.1    44.9
   1974   3    8.5     2.8       4    31.6   147.6
   1974   4   11.2     3.8       0     1.4   208.1
   1974   5   12.4     6.9       0    60.4   158.4
   1974   6   14.2     8.1       0    66.7   180.5
   1974   7   15.0     9.1       0    93.3   132.3
   1974   8   15.9     9.8       0    70.0   155.7
   1974   9   13.3     7.0       0    87.0   147.7
   1974  10   10.2     5.1       0   110.2    87.2
   1974  11    8.4     3.2       2   153.0    46.7
   1974  12    8.4     3.3       3   211.0    17.1
   1975   1    7.6     1.5      10   193.9    32.4
   1975   2    7.8     2.4       6    24.7   105.6
   1975   3    6.8     1.6       4    57.5   112.6
   1975   4    9.5     3.7       4   104.3   110.8
   1975   5   10.5     4.3       0    20.3   255.6
   1975   6   14.2     8.0       0    56.7   217.0
   1975   7   15.5    10.5       0    74.7   135.2
   1975   8   17.2    11.2       0    42.6   116.2
   1975   9   13.5     7.7       0   131.9   129.6
   1975  10   12.5     7.8       0    68.5    91.1
   1975  11    8.8     3.7       1   129.0    48.2
   1975  12    8.2     3.8       2   116.4    17.4
   1976   1    7.2     1.7       9   165.0    31.6
   1976   2    7.4     2.1       7    77.0    73.9
   1976   3    7.8     3.0       4   101.7   110.3
   1976   4   10.0     4.1       2    78.0   152.1
   1976   5   12.1     5.9       0    73.3   152.9
   1976   6   14.6     9.5       0   101.4   116.4
   1976   7   17.5    11.6       0    88.2   144.8
   1976   8   18.1    10.0       0    15.7   250.5
   1976   9   13.8     9.2       0    69.0   116.8
   1976  10   12.0     6.9       0   117.9    84.4
   1976  11    8.9     3.6       0   125.7    58.2
   1976  12    5.4     0.9      14    80.8    32.1
   1977   1    5.9     1.0      13   117.2    51.7
   1977   2    6.1     1.7       5    76.0    98.2
   1977   3    8.5     3.5       3    78.2    88.5
   1977   4    8.5     2.5       5   112.6   139.4
   1977   5   11.7     5.7       1    64.6   224.8
   1977   6   13.2     7.0       0    56.5   194.7
   1977   7   15.4    10.2       0    50.7   149.8
   1977   8   16.2     9.7       0    56.5   190.0
   1977   9   13.1     7.8       0   119.4   134.4
   1977  10   13.0     8.2       0   143.1    69.3
   1977  11    8.1     2.3       9   199.4    37.5
   1977  12    8.4     3.1       4    28.9    40.7
   1978   1    5.9     0.4      13   118.0    27.2
   1978   2    5.6     0.0      16    73.5    79.3
   1978   3    7.9     2.7       4   141.6    93.0
   1978   4    8.4     2.9       6    37.3   158.4
   1978   5   13.3     6.7       0    19.3   221.7
   1978   6   13.9     8.4       0    52.4   162.8
   1978   7   13.9     9.4       0    52.1   101.9
   1978   8   14.7    10.2       0    64.9    75.7
   1978   9   13.9     9.5       0   170.1    89.1
   1978  10   12.2     7.2       0   164.9    66.4
   1978  11    9.5     3.9       4   189.9    28.5
   1978  12    7.0     3.9       4    70.8    20.5
   1979   1    4.4    -1.5      19   122.0    34.5
   1979   2    4.9     0.4      13    33.4    88.1
   1979   3    5.9     0.2      12   139.8   117.4
   1979   4    8.8     3.7       2    51.8   125.8
   1979   5    9.8     4.2       7    56.6   177.1
   1979   6   13.9     8.5       0    62.2   157.3
   1979   7   14.6     9.9       0    77.7    66.7
   1979   8   14.3     9.3       0    95.6   101.2
   1979   9   13.4     7.8       0   124.9   109.9
   1979  10   12.5     7.3       0   103.9    88.4
   1979  11    8.2     2.6       6   170.7    44.2
   1979  12    6.9     2.5       3   171.9    20.4
   1980   1    6.1     2.0       5    99.5    46.0
   1980   2    7.2     2.6       4    44.3    54.7
   1980   3    7.0     1.9       6    58.6   106.8
   1980   4   10.5     4.8       0    20.2   143.9
   1980   5   13.2     6.3       0    26.8   209.0
   1980   6   14.1     8.8       0    66.8   135.7
   1980   7   14.7     9.7       0   115.7   101.3
   1980   8   15.5    10.9       0    59.5   110.1
   1980   9   14.9     9.7       0   177.8   103.7
   1980  10   10.1     5.3       2   193.6    73.0
   1980  11    8.4     3.8       4   210.2    32.7
   1980  12    7.7     3.0       3   149.8    16.6
   1981   1    7.4     1.5      11   134.6    19.3
   1981   2    6.5     2.0       4    87.3    56.9
   1981   3    7.9     2.6       3    96.0   109.3
   1981   4    9.7     2.9       4    36.1   184.8
   1981   5   13.2     6.8       1    24.2   183.7
   1981   6   13.5     8.0       0    90.7   140.1
   1981   7   15.0    10.1       0    64.8    82.4
   1981   8   15.8    10.1       0    99.8   101.8
   1981   9   14.6     9.6       0   206.3    88.0
   1981  10    8.9     3.4       1   198.9    99.7
   1981  11    9.0     3.7       3   227.8    37.9
   1981  12    4.9     0.2      15    80.4    33.1
   1982   1    6.3     1.8       8   115.7    32.8
   1982   2    7.7     3.1       3   115.3    61.4
   1982   3    7.8     2.4       4   142.1   116.4
   1982   4   10.3     4.4       1    44.6   125.9
   1982   5   12.7     5.2       3    91.7   190.9
   1982   6   15.1     9.2       0    14.6   243.5
   1982   7   17.0    10.5       0    37.4   151.4
   1982   8   15.6     9.9       0   203.3   123.4
   1982   9   13.5     8.0       0   160.9   100.4
   1982  10   11.8     6.9       0   129.4    74.9
   1982  11    8.8     3.0       3   193.9    36.5
   1982  12    7.0     1.8       6   164.1    23.2
   1983   1    7.7     2.4       5   220.1    19.9
   1983   2    5.6     0.0      13    58.9    54.2
   1983   3    8.3     3.6       2   137.7    66.7
   1983   4    7.7     1.7      11    37.5   163.3
   1983   5   10.9     5.9       0    49.4   168.1
   1983   6   13.5     8.0       0    36.3   174.9
   1983   7   17.2    10.6       0    46.6   197.5
   1983   8   16.7    11.2       0    53.5   104.9
   1983   9   13.0     8.6       0   147.8    71.6
   1983  10   11.5     6.0       0   219.3    74.0
   1983  11    9.9     4.8       2    55.9    40.8
   1983  12    8.8     3.6       1   196.2    23.1
   1984   1    4.8    -0.4      16   153.8    29.6
   1984   2    7.7     3.1       4    62.9    46.3
   1984   3    7.1     2.5       4    81.0    70.3
   1984   4   10.8     4.3       0    69.7   186.9
   1984   5   11.9     5.4       0    20.4   237.0
   1984   6   14.0     8.8       0    44.3   122.3
   1984   7   16.3    10.9       0    75.0    74.7
   1984   8   17.4    10.9       0    32.3   160.9
   1984   9   13.2     8.3       0   118.7    75.7
   1984  10   11.7     6.0       0   167.1    88.6
   1984  11    9.4     4.6       2   139.7    40.2
   1984  12    8.7     3.0       3   107.4    37.5
   1985   1    5.4     0.7      10    80.0    51.8
   1985   2    7.0     1.6       7    42.2    83.8
   1985   3    7.0     1.6       7    94.5   114.9
   1985   4    9.6     4.2       1   111.5   125.9
   1985   5   11.5     5.4       0    53.5   221.6
   1985   6   13.7     7.1       0    62.0   165.5
   1985   7   15.6    10.2       0    80.9   100.7
   1985   8   15.0    10.0       0   153.8   121.8
   1985   9   13.4     8.3       0   100.1    99.2
   1985  10   12.8     7.7       0   100.9    95.3
   1985  11    7.1     1.3      10   139.7    40.8
   1985  12    7.6     2.4       6   222.1    21.9
   1986   1    6.0     0.8       9   137.4    38.8
   1986   2    5.0    -0.8      14    16.0    97.9
   1986   3    8.1     2.7       2   152.8   102.5
   1986   4    8.0     2.0       2    69.1   186.6
   1986   5   11.6     6.4       0   145.2   119.2
   1986   6   15.0     7.8       0    44.9   232.7
   1986   7   15.2     9.9       0    58.3   110.6
   1986   8   14.1     8.6       0    88.9   157.6
   1986   9   13.3     7.8       0    54.6    91.9
   1986  10   11.7     6.8       0   133.5    80.6
   1986  11    9.6     3.9       3   216.3    38.7
   1986  12    7.1     2.2       1   186.0    20.0
   1987   1    5.8     1.5       9    54.6    30.0
   1987   2    6.8     1.2       9    65.9    47.4
   1987   3    6.7     0.8      11   146.5   117.9
   1987   4   10.4     4.7       1    43.6   123.1
   1987   5   11.1     5.4       0    64.6   182.7
   1987   6   12.6     7.3       0    56.6   186.9
   1987   7   15.3    10.5       0    60.4    82.3
   1987   8   15.1    10.0       0    70.2    96.4
   1987   9   14.1     8.4       0   144.7   147.7
   1987  10   11.0     5.3       0   130.3   118.6
   1987  11    9.0     4.7       0    87.9    34.5
   1987  12    8.2     3.0      10   125.6    42.3
   1988   1    6.5     2.0       5   141.1    40.5
   1988   2    7.0     2.2       4   119.9    59.7
   1988   3    7.8     2.2       9   146.8    99.2
   1988   4    9.3     4.3       2    75.9   121.6
   1988   5   13.0     6.7       0    43.3   184.2
   1988   6   14.4     9.5       0    26.4   133.0
   1988   7   14.9    10.3       0   164.5   105.6
   1988   8   15.2    10.2       0   108.2    92.4
   1988   9   14.0     9.3       0   129.0    80.1
   1988  10   11.5     6.6       0   136.3    70.4
   1988  11    9.1     4.6       1    93.2    38.3
   1988  12    9.5     4.6       0   110.6    17.6
   1989   1    9.8     4.7       0   228.1    27.5
   1989   2    7.8     1.7       2   181.1    56.7
   1989   3    8.2     2.3       5   162.5   109.4
   1989   4    8.6     2.7       6    51.1   136.7
   1989   5   12.6     6.2       0    48.3   191.1
   1989   6   13.7     7.9       0    74.5   157.1
   1989   7   17.0    11.1       0    65.4   154.7
   1989   8   15.3    10.2       0   173.5   107.4
   1989   9   14.0     7.8       0    93.6   120.8
   1989  10   11.9     7.2       0   231.0    62.5
   1989  11    9.0     3.7       0    57.7    55.6
   1989  12    7.2     2.3       5   111.9    31.7
   1990   1    8.1     2.9       4   202.0    28.3
   1990   2    7.3     2.0       3   264.1    57.6
   1990   3    9.0     3.7       2   206.1    63.4
   1990   4    9.5     3.6       2   106.4   159.7
   1990   5   13.0     6.9       0    56.7   233.9
   1990   6   14.2     9.0       0    77.6   105.3
   1990   7   16.7    10.4       0   112.8   185.4
   1990   8   15.9    11.2       0    84.9    95.9
   1990   9   13.5     7.8       0   121.4    97.5
   1990  10   12.4     7.4       0    93.5    97.4
   1990  11    8.6     4.1       1    82.3    42.9
   1990  12    7.8     2.3       7   135.7    12.7
   1991   1    6.7     2.0       7   107.1    39.8
   1991   2    6.2     1.1       8    52.9    67.4
   1991   3    9.1     4.1       0    71.0    91.3
   1991   4    9.5     4.2       0    82.2   114.7
   1991   5   11.8     6.9       0    34.3   130.0
   1991   6   12.6     6.8       0    69.6   165.9
   1991   7   17.3    12.3       0    52.1   170.5
   1991   8   16.9    11.7       0    83.2   128.2
   1991   9   14.4     8.6       0   104.2   114.4
   1991  10   11.0     6.3       0   116.3    50.3
   1991  11    9.0     4.0       1   214.9    35.2
   1991  12    9.2     4.3       0    85.0    14.5
   1992   1    8.5     4.0       1    72.7    15.6
   1992   2    8.3     3.4       2   145.7    45.3
   1992   3    8.2     2.5       4   158.2    67.0
   1992   4    9.5     4.6       0    94.1   104.2
   1992   5   14.5     6.9       0    50.2   247.8
   1992   6   15.9     9.6       0    33.5   186.5
   1992   7   15.3    10.3       0   127.8   110.6
   1992   8   15.1    10.1       0   191.2   123.3
   1992   9   13.4     7.9       0   149.1    87.0
   1992  10   10.0     4.6       1   130.7    68.2
   1992  11    8.4     3.3       0   170.7    32.6
   1992  12    7.1     2.2       8   123.3    14.1
   1993   1    7.2     1.5       5   274.7    18.3
   1993   2    8.2     4.7       2    57.1    22.9
   1993   3    8.4     3.3       5    79.7   103.7
   1993   4   10.0     5.1       0    79.9   140.9
   1993   5   11.1     5.7       0    52.8   217.1
   1993   6   13.5     8.9       0    89.3   102.2
   1993   7   14.3     9.5       0    81.1    70.1
   1993   8   14.6     9.4       0    44.9    86.9
   1993   9   13.7     8.7       0    37.9   114.7
   1993  10   10.1     5.8       1    78.7    53.3
   1993  11    8.8     4.0       3    63.2    61.9
   1993  12    5.8     1.5       7   178.8    21.3
   1994   1    6.8     1.8       6   154.3    26.7
   1994   2    5.9     2.3       3    57.4    85.5
   1994   3    7.2     1.9       6   163.7    98.3
   1994   4    9.2     3.3       1   103.8   131.4
   1994   5   11.3     5.5       0    36.2   294.1
   1994   6   13.5     8.2       0   112.1   134.6
   1994   7   16.4    10.8       0    49.5   146.0
   1994   8   15.0    10.0       0   104.8   109.4
   1994   9   13.4     8.3       0   130.6   121.0
   1994  10   11.4     6.3       0    64.3    77.2
   1994  11   11.0     6.6       0   121.4    44.1
   1994  12    8.3     2.6       5   189.7    29.6
   1995   1    6.6     1.1       8   212.3    30.4
   1995   2    6.6     1.1       6   155.1    57.9
   1995   3    6.4     0.9      13   134.6    88.4
   1995   4    9.1     4.0       2    65.4    96.2
   1995   5   11.5     5.5       3    60.0   156.0
   1995   6   14.3     8.4       0    26.8   195.2
   1995   7   17.3    10.6       0    57.0   176.9
   1995   8   17.9    11.5       0    32.2   194.0
   1995   9   14.3     8.9       0   131.2    99.6
   1995  10   13.1     7.6       0   191.1    87.7
   1995  11   10.2     5.3       0   121.7    50.1
   1995  12    6.2     1.1      11    45.4    56.5
   1996   1    8.1     4.4       2    69.5    37.8
   1996   2    6.6     1.1      10    74.1    58.0
   1996   3    7.5     2.8       3    45.1    92.9
   1996   4   10.2     4.6       1    86.3   106.2
   1996   5   10.8     4.4       1    68.1   234.5
   1996   6   14.0     8.8       0    57.9   142.1
   1996   7   15.2     9.8       0    80.1   107.0
   1996   8   16.0    11.1       0    70.6    91.9
   1996   9   15.4    10.0       0    74.4   150.3
   1996  10   12.5     6.9       0   211.6    73.2
   1996  11    7.5     1.9       8   201.1    57.0
   1996  12    6.8     1.5      12    60.7    42.8
   1997   1    7.4     2.6       9    56.8    41.8
   1997   2    7.9     2.0       1   277.4    66.8
   1997   3    9.6     4.8       1   119.5    82.8
   1997   4   10.4     4.8       1    73.0   104.0
   1997   5   11.7     6.2       1    85.2   196.0
   1997   6   13.7     8.7       0    56.5   168.7
   1997   7   17.4    11.0       0    51.5   166.8
   1997   8   18.7    12.2       0    38.6   211.2
   1997   9   14.5     8.9       0   105.2   113.2
   1997  10   12.1     6.7       0    55.5    83.0
   1997  11   10.8     6.3       0    98.1    47.8
   1997  12    8.8     4.0       0   153.5    31.5
   1998   1    7.8     3.2       4   181.5    33.5
   1998   2    9.4     5.0       1   209.7    27.8
   1998   3    8.4     3.6       5   143.5    63.1
   1998   4    9.0     3.3       3    62.7   200.8
   1998   5   12.8     6.9       0    30.6   168.2
   1998   6   13.2     7.8       0    73.1   206.3
   1998   7   15.2    10.2       0    94.9   106.6
   1998   8   15.7    10.2       0    53.4   120.9
   1998   9   15.3    10.3       0    54.6   123.1
   1998  10   10.7     5.7       1   152.3   103.2
   1998  11    9.0     3.5       4   158.3    64.1
   1998  12    8.4     3.3       7   165.8    24.7
   1999   1    7.1     2.6       4   206.3    37.8
   1999   2    6.7     1.5       6   129.4    58.2
   1999   3    8.5     3.2       4   153.7   108.4
   1999   4   10.5     5.0       2   107.4   146.4
   1999   5   12.6     7.0       0   103.8   184.1
   1999   6   13.3     8.4       0   104.6   124.2
   1999   7   16.4    10.6       0    70.5   176.3
   1999   8   16.4    10.8       0    54.5   194.0
   1999   9   15.3    10.4       0   118.7   114.2
   1999  10   12.3     7.5       0   132.3    84.7
   1999  11    9.7     4.5       1   151.8    38.1
   1999  12    6.4     1.3       8   214.0    31.1
   2000   1    7.8     3.1       0   195.1    32.8
   2000   2    7.5     2.3       3   202.3    56.6
   2000   3    9.2     4.0       2   120.7    84.6
   2000   4    8.8     3.5       5    81.5   150.0
   2000   5   12.9     6.1       0    53.5   239.6
   2000   6   13.3     7.9       0    80.6   181.5
   2000   7   15.2    10.4       0    22.7   141.5
   2000   8   16.5    11.1       0    74.7   146.6
   2000   9   15.4    10.1       0    97.3   133.2
   2000  10   12.1     7.5       0   190.3    96.2
   2000  11    8.8     3.5       0   110.8    52.3
   2000  12    7.5     3.6       7   148.1    23.1
   2001   1    6.5     1.6       4    60.5    78.7
   2001   2    6.4     1.0      11    64.8    65.5
   2001   3    7.4     1.6       7    54.0   155.6
   2001   4    9.4     3.4       2    56.9   165.5
   2001   5   13.9     7.0       0    33.3   205.1
   2001   6   13.5     8.2       0    55.3   164.9
   2001   7   14.7    10.5       0    70.7   101.0
   2001   8   16.8    11.0       0    75.5   162.2
   2001   9   14.1     9.3       0    98.6   111.9
   2001  10   13.4     9.5       0   179.4    72.3
   2001  11    9.9     4.5       0   114.7    35.0
   2001  12    7.6     2.2       5   114.4    44.2
   2002   1    9.1     4.3       3   197.6    25.9
   2002   2    7.5     1.9       5   159.4    67.8
   2002   3    8.7     3.9       2    97.6   107.7
   2002   4   11.1     5.6       0    74.2   148.2
   2002   5   13.3     6.9       0    60.0   214.4
   2002   6   15.1    10.1       0   103.8   160.7
   2002   7   15.2     9.9       0   100.2   106.4
   2002   8   16.4    11.5       0    44.0   128.1
   2002   9   15.5    10.2       0    38.0    82.4#
   2002  10   11.2     6.2       1    91.4    71.7#
   2002  11   10.2     6.2       1    95.4    35.7#
   2002  12    7.7     3.4       4    29.8    25.4#
   2003   1    7.3     2.3       9   154.2    27.9#
   2003   2    8.2     3.0       6    54.4    56.2#
   2003   3   10.1     4.1       4    76.0    69.6#
   2003   4   12.9     6.4       0    32.2   171.6#
   2003   5   12.6     6.2       1   108.9   126.2#
   2003   6   15.9    10.7       0    66.2   121.9#
   2003   7   17.8    12.3       0    56.9   115.5#
   2003   8   17.7    11.7       0    49.0   144.0#
   2003   9   15.1     9.3       0   111.1*   83.7#
   2003  10   11.2     5.4       0    76.2   102.1#
   2003  11   10.8     5.3       0   103.2    44.2#
   2003  12    7.9     2.8       5   135.6    27.9#
   2004   1    7.2     2.7       6   149.2    23.2#
   2004   2    7.6     1.6       9   108.2    64.7#
   2004   3    9.2     3.8       0    66.0   121.5#
   2004   4   10.9     5.7       0    77.6   105.2#
   2004   5   13.4     6.8       0    40.4     ---
   2004   6   14.8     0.8       0    71.0    89.2#
   2004   7   16.0    10.4       0    59.4   122.5#
   2004   8   17.3    12.0       0    96.8   147.3#
   2004   9   14.9     9.4       0   131.0   118.0#
   2004  10   11.4     6.8       0   143.6    50.7#
   2004  11    9.6     5.3       3   117.8    31.1#
   2004  12    8.8     3.4       4   136.4    17.2#
   2005   1    8.1     3.2       3   160.2    23.9#
   2005   2    6.9     2.1       1    84.8    53.2#
   2005   3    9.1     4.0       5    99.0    88.4#
   2005   4   10.5     5.0       1   113.3   156.9#
   2005   5   11.9     5.2       1    58.2   168.9#
   2005   6   14.5     9.4       0    92.8   101.1#
   2005   7   15.4    10.6       0    56.6    85.4#
   2005   8   16.2    10.9       0   124.3   105.2#
   2005   9   14.9     9.5       0   164.8    81.4#
   2005  10   13.5     8.3       0   117.0    61.9#
   2005  11    9.8     4.3       0   128.8    40.2#
   2005  12    8.9     4.1       1    74.0    31.4#
   2006   1    8.4     3.7       1    98.8    39.0#
   2006   2    8.0     3.3       3    60.8    58.8#
   2006   3    6.9     2.0       8   109.2    74.9#
   2006   4    9.8     3.8       1   121.6   144.7#
   2006   5   12.5     5.8       0    96.8   171.3#
   2006   6   15.7     9.5       0    57.4   123.9#
   2006   7   18.2    12.5       0    58.4   140.4#
   2006   8   16.2    11.6       0    59.6    64.7#
   2006   9   17.0    11.8       0    87.2    88.6#
   2006  10   13.6     9.2       0   168.6    48.0#
   2006  11   10.0     4.9       0   134.2    28.7#
   2006  12    9.0     4.7       0   204.3    15.6#
   2007   1    8.4     3.5       0   215.0     ---
   2007   2    8.1     3.8       2    99.4    51.0#
   2007   3    9.4     3.4       3   116.8   129.6#
   2007   4   12.9     6.5       0    53.8   157.6#
   2007   5   12.3     5.9       0   143.2   172.9#
   2007   6   14.3     9.3       0    35.2   205.5#
   2007   7   15.9    11.2       0    85.6   118.7#
   2007   8   15.7    10.5       0   133.6    69.6#
   2007   9   14.1     8.8       0   107.8   105.9#
   2007  10   13.0     8.8       0    91.8    59.2#
   2007  11    9.6     4.9       1   110.6    19.7#
   2007  12    8.6     3.4       3   127.0    30.3#
   2008   1    7.5     2.4       5   156.4    22.0#
   2008   2    9.0     2.2       7   118.8    64.4#
