1853	212
1854	217
1855	228
1856	227
1857	241
1858	236
1859	251
1860	195
1861	216
1862	202
1863	221
1864	228
1865	226
1866	219
1867	215
1868	259
1869	241
1870	249
1871	238
1872	237
1873	226
1874	253
1875	219
1876	245
1877	222
1878	223
1879	192
1880	226
1881	238
1882	206
1883	215
1884	242
1885	234
1886	225
1887	246
1888	194
1889	221
1890	208
1891	216
1892	216
1893	234
1894	207
1895	236
1896	236
1897	242
1898	233
1899	257
1900	246
1901	243
1902	222
1903	216
1904	233
1905	247
1906	234
1907	207
1908	218
1909	223
1910	200
1911	261
1912	213
1913	210
1914	223
1915	215
1916	222
1917	217
1918	212
1919	226
1920	196
1921	261
1922	202
1923	234
1924	207
1925	227
1926	221
1927	202
1928	233
1929	232
1930	212
1931	196
1932	229
1933	246
1934	253
1935	239
1936	222
1937	236
1938	219
1939	216
1940	231
1941	236
1942	218
1943	230
1944	232
1945	221
1946	223
1947	268
1948	215
1949	247
1950	222
1951	224
1952	234
1953	223
1954	200
1955	247
1956	214
1957	234
1958	214
1959	254
1960	220
1961	219
1962	207
1963	208
1964	228
1965	209
1966	217
1967	235
1968	212
1969	242
1970	236
1971	234
1972	218
1973	234
1974	211
1975	253
1976	260
1977	221
1978	206
1979	226
1980	219
1981	230
1982	227
1983	273
1984	241
1985	222
1986	223
1987	218
1988	216
1989	254
1990	257
1991	238
1992	224
1993	218
1994	258
1995	271
1996	233
1997	263
1998	237
1999	253
2000	234
2001	242
2002	232
2003	269
2004	245
2005	231
2006	283
2007	217
2008	109
