-50 48925
-49 37339
-48 64932
-47 107521
-46 116597
-45 131520
-44 122016
-43 189348
-42 289642
-41 262839
-40 350713
-39 281638
-38 439975
-37 606999
-36 596672
-35 663696
-34 626231
-33 843893
-32 1136946
-31 1025818
-30 1212585
-29 994480
-28 1395066
-27 1739656
-26 1683805
-25 1747622
-24 1575415
-23 2109569
-22 2642099
-21 2349991
-20 2687718
-19 2190807
-18 3029539
-17 3745441
-16 3564329
-15 3681770
-14 3304085
-13 4429098
-12 5572965
-11 5100202
-10 5760233
-9  5085152
-8  7018429
-7  8749162
-6  9174196
-5  9877310
-4  9753244
-3  13856050
-2  17827697
-1  19163000
0   34891636
1   26871841
2   27728779
3   27544631
4   23644189
5   29821468
6   31423869
7   33972951
8   33994126
9   28312061
10  36339437
11  36435475
12  38496494
13  37222951
14  30234052
15  36546921
16  35108684
17  34684223
18  33079783
19  24936640
20  30992014
21  30682618
22  31208000
23  31828622
24  26100637
25  32103679
26  30391877
27  27209301
28  23268920
29  15832659
30  15438313
31  11492955
32  8569350
33  5204475
34  2986900
35  2717531
36  1834914
37  1346118
38  844233
39  529534
40  468426
41  322654
42  223853
43  131513
44  68922
45  49626
46  27410
47  16902
48  11873
49  10354
50  10570
51  9023
52  8268
53  7839
54  7613
55  4258
56  3931
57  219
58  268
59  141
60  693
61  18
