Durham
Location: 4267E 5415N, 102 metres amsl
Estimated data is marked with a * after the value.
Missing data (more than 2 days missing in month) is marked by  ---.
Sunshine data taken from an automatic Kipp & Zonen sensor marked with a #, otherwise sunshine data taken from a Campbell Stokes recorder.
   yyyy  mm   tmax    tmin      af    rain     sun
              degC    degC    days      mm   hours
   1880   1    4.2    -1.4      22    13.5     ---
   1880   2    8.7     0.6      12    44.3     ---
   1880   3    9.2     1.0      12    32.5     ---
   1880   4   11.6     2.7       2    51.5     ---
   1880   5   14.1     3.7       4    38.1     ---
   1880   6   17.7     7.7       0    66.5     ---
   1880   7   19.2    10.1       0   106.0     ---
   1880   8   19.8    10.9       0    49.1     ---
   1880   9   18.9     8.9       0   128.6     ---
   1880  10   10.1     2.9       7   150.0     ---
   1880  11    8.2     0.1      15    56.7     ---
   1880  12    6.3     0.4      15    70.2     ---
   1881   1    1.5    -5.7      24    22.3     ---
   1881   2    4.1    -1.2      18    70.4     ---
   1881   3    7.8    -0.6      18    56.2     ---
   1881   4    9.7     1.1      13    24.9     ---
   1881   5   15.9     4.6       1    31.7     ---
   1881   6   18.4     7.3       0    54.8     ---
   1881   7   20.9    10.6       0    78.5     ---
   1881   8   17.7     9.1       0    97.9     ---
   1881   9   15.3     8.4       0    81.5     ---
   1881  10   10.3     3.6       6    90.9     ---
   1881  11   10.5     4.5       2    44.4     ---
   1881  12    5.9     0.7      10    57.9     ---
   1882   1    7.3     2.0       3    18.4     ---
   1882   2    8.9     2.2       4    23.3     ---
   1882   3   11.1     2.2       7    37.6     ---
   1882   4   10.2     2.9       4    91.4     ---
   1882   5   15.6     4.4       2    57.7     ---
   1882   6   17.6     7.8       0    84.5     ---
   1882   7   20.2    10.2       0    90.6     ---
   1882   8   19.9     9.8       0    73.3     ---
   1882   9   15.8     6.8       0    53.4     ---
   1882  10   12.3     6.3       1   121.8     ---
   1882  11    7.3     1.8       5    84.0     ---
   1882  12    3.8    -0.4      16   114.2     ---
   1883   1    5.5     0.7      10    47.9     ---
   1883   2    8.1     1.5       4    42.4     ---
   1883   3    5.5    -2.3      25    47.7     ---
   1883   4   12.2     1.8       8    40.5     ---
   1883   5   14.3     4.1       0    46.1     ---
   1883   6   17.5     7.9       0    62.3     ---
   1883   7   19.2     9.2       0    94.7     ---
   1883   8   20.3     9.4       0    30.4     ---
   1883   9   16.0     8.9       0   104.5     ---
   1883  10   12.5     4.7       1    60.0     ---
   1883  11    8.3     2.4       5    23.7     ---
   1883  12   ---      ---     ---    37.1     ---
   1884   1    8.2     2.6       6    80.6     ---
   1884   2    7.2     1.1       8    32.4     ---
   1884   3    9.4     1.7       4    64.4     ---
   1884   4   10.5     2.0       5    51.9     ---
   1884   5   15.6     4.4       0    17.0     ---
   1884   6   18.6     7.3       0    25.8     ---
   1884   7   20.9     9.8       0    98.8     ---
   1884   8   22.0     9.6       0    18.6     ---
   1884   9   17.7     8.5       0    35.4     ---
   1884  10   12.8     4.4       2    38.2     ---
   1884  11    8.4     1.9       6    46.8     ---
   1884  12    5.9     0.8      13    32.3     ---
   1885   1    4.2     0.1      17    50.1     ---
   1885   2    7.6     1.1      11    22.7     ---
   1885   3    7.5    -0.1      19    56.9     ---
   1885   4   11.4     2.4       7    38.7     ---
   1885   5   12.2     3.1       5    98.1     ---
   1885   6   17.8     7.6       0    43.0     ---
   1885   7   21.4     9.7       0    32.9     ---
   1885   8   16.5     8.7       0    69.5     ---
   1885   9   16.2     6.2       0    61.3     ---
   1885  10    9.8     3.7       1   115.2     ---
   1885  11    7.9     2.4       5    48.2     ---
   1885  12    6.3    -0.1      13    14.3     ---
   1886   1    3.8    -1.4      21    96.4     ---
   1886   2    4.0    -1.8      22    23.1     ---
   1886   3    6.5    -0.1      18    62.8     ---
   1886   4   10.0     2.4       2    38.4     ---
   1886   5   12.9     4.7       1    67.0     ---
   1886   6   17.5     7.7       0    23.7     ---
   1886   7   20.8    10.3       0   129.2     ---
   1886   8   19.9    10.3       0    23.5     ---
   1886   9   16.4     8.6       0    38.5     ---
   1886  10   12.9     7.3       0   128.4     ---
   1886  11    9.2     2.5       3    90.8     ---
   1886  12    3.7    -1.4      18    90.3     ---
   1887   1    4.4    -1.1      18    37.1     ---
   1887   2    7.4     0.1      14    13.6     ---
   1887   3    7.7    -0.5      16    52.8     ---
   1887   4   10.4     0.9      12    19.6     ---
   1887   5   12.4     4.3       2    51.8     ---
   1887   6   20.3     9.1       0     6.4     ---
   1887   7   23.0    11.2       0    20.7     ---
   1887   8   20.4     9.1       0    38.1     ---
   1887   9   15.0     6.9       1   114.6     ---
   1887  10   10.3     3.3       7    58.2     ---
   1887  11    6.6     1.5       9    75.9     ---
   1887  12    4.7    -0.1      20    58.3     ---
   1888   1    6.0     0.3      13    18.6     ---
   1888   2    4.2    -0.4      20    31.8     ---
   1888   3    4.9    -0.3      23   103.4     ---
   1888   4    9.3     1.8      10    61.8     ---
   1888   5   15.0     4.6       2    13.3     ---
   1888   6   15.1     7.0       0    40.7     ---
   1888   7   16.7     8.6       0   209.7     ---
   1888   8   17.6     9.0       0    43.5     ---
   1888   9   15.4     6.7       0    32.8     ---
   1888  10   12.1     4.1       6    17.2     ---
   1888  11    9.1     4.4       0   104.0     ---
   1888  12    6.9     1.3      13    18.6     ---
   1889   1    6.4     0.6      12    20.7     ---
   1889   2    5.6    -0.5      19    26.0     ---
   1889   3    8.0     0.3      13    57.5     ---
   1889   4    9.7     2.6       1    54.5     ---
   1889   5   17.0     7.0       0    38.0     ---
   1889   6   20.0     9.0       0     9.5     ---
   1889   7   19.4     9.5       0    68.1     ---
   1889   8   18.3    10.4       0    81.9     ---
   1889   9   15.8     7.8       0    21.5     ---
   1889  10   11.2     5.2       0    94.0     ---
   1889  11    8.8     2.6       8    23.0     ---
   1889  12    5.7    -0.2      15    30.1     ---
   1890   1    8.0     1.9       8    52.5    55.9
   1890   2    5.8     0.3      14    33.5    57.0
   1890   3    9.8     2.5       8    51.4    98.2
   1890   4   10.6     1.4      11    16.9   120.9
   1890   5   15.2     6.0       0    59.1   152.8
   1890   6   18.2     8.5       0    59.9   126.9
   1890   7   18.7     9.6       0    45.3   159.1
   1890   8   18.4     9.4       0   126.5   163.0
   1890   9   19.8    10.3       0    46.3   143.6
   1890  10   13.2     6.0       2    37.5   123.4
   1890  11    8.5     1.1       9    85.6    56.4
   1890  12    2.7    -1.4      19    44.1    10.8
   1891   1    4.6    -1.7      19    25.7    49.7
   1891   2    9.3     0.0      14     2.1    91.6
   1891   3    6.7    -0.1      13    69.0   111.5
   1891   4    8.9     1.2       7    41.9   107.5
   1891   5   13.2     3.6       4    36.9   161.5
   1891   6   18.1     8.9       0     4.1   175.1
   1891   7   19.5    10.6       0   106.6   151.1
   1891   8   17.9    10.0       0   126.7   100.6
   1891   9   17.6     9.1       0    47.4   128.4
   1891  10   12.3     4.9       3    48.9    76.8
   1891  11    7.5     2.2       8    56.9    42.2
   1891  12    5.6    -0.5      12    57.5    56.2
   1892   1    4.4    -1.4      19    48.6    47.6
   1892   2    5.6    -0.6      12    49.2    64.6
   1892   3    6.6    -1.9      25    28.9   139.1
   1892   4   11.4     1.0      12    33.3   172.8
   1892   5   15.2     5.4       2    59.5   156.8
   1892   6   17.2     7.4       0    80.2   176.0
   1892   7   17.3     9.2       0    42.9   123.0
   1892   8   18.5     9.9       0    99.7   121.7
   1892   9   15.3     7.5       0    74.2   116.6
   1892  10    9.7     2.9       6   141.7    71.8
   1892  11    8.5     2.6       5    31.5    37.6
   1892  12    3.8    -1.9      22    24.4    57.6
   1893   1    4.7    -0.4      10    33.5    37.1
   1893   2    6.4     0.5      11    54.0    72.6
   1893   3   12.1     1.7      11    11.1   166.3
   1893   4   13.9     2.5       2     9.4   172.7
   1893   5   16.8     6.3       0    59.0   160.4
   1893   6   19.5     9.5       0    20.7   194.2
   1893   7   20.0    10.2       0   114.1   135.9
   1893   8   22.1    11.6       0    54.1   194.8
   1893   9   16.6     7.4       0    45.1   139.5
   1893  10   13.7     4.9       3    18.1   150.6
   1893  11    8.3     1.7       9    60.1    51.9
   1893  12    7.6     1.5       7    32.9    51.9
   1894   1    5.2    -0.6      13    27.3    46.4
   1894   2    7.5     0.1      11    52.1    76.2
   1894   3   11.5     0.7      11    22.9   191.4
   1894   4   13.0     3.3       3    28.0   125.8
   1894   5   11.9     3.4       5    72.3   172.7
   1894   6   16.9     7.7       0    94.1   146.3
   1894   7   20.7    10.9       0    40.4   177.3
   1894   8   18.0     9.3       0    64.0   108.4
   1894   9   14.5     6.9       0    22.1    90.7
   1894  10   11.3     4.3       3   128.9    53.1
   1894  11   10.0     4.5       0    19.8    56.9
   1894  12    7.0     0.8      15    32.7    48.1
   1895   1    1.7    -3.7      26    94.6    43.4
   1895   2    2.1    -4.8      23    34.0    81.9
   1895   3    8.2     0.8      11    48.9    91.1
   1895   4   12.0     3.1       7    33.8   144.3
   1895   5   16.5     5.5       0    21.0   197.5
   1895   6   19.6     7.4       0    32.5   222.9
   1895   7   19.2     9.8       0   126.1   143.7
   1895   8   20.1    10.9       0    59.0   140.6
   1895   9   20.5     9.4       0    15.1   203.9
   1895  10   10.5     2.4      10   125.4   112.2
   1895  11    9.6     3.2       5    62.7    45.6
   1895  12    5.4     0.2      14    47.1    29.8
   1896   1    7.2     1.5      11    17.9    62.8
   1896   2    7.6     1.1      11    12.8    40.4
   1896   3   10.1     1.6       9    46.7   111.1
   1896   4   13.5     3.8       1    20.6   153.8
   1896   5   16.4     5.2       1    13.6   190.6
   1896   6   20.9     9.8       0    50.8   198.3
   1896   7   21.0    10.1       0    64.1   179.2
   1896   8   17.7     9.7       0    53.3    97.1
   1896   9   15.6     8.5       0    56.7    90.7
   1896  10    9.4     2.7       6   148.8    79.9
   1896  11    7.5     1.5      11    34.1    52.1
   1896  12    5.6     0.7      14   103.9    35.0
   1897   1    3.3    -1.2      19    47.2    40.7
   1897   2    7.5     1.7      11    24.0    59.8
   1897   3    8.7     1.9       9    61.6    95.9
   1897   4    9.9     1.7       8    42.2   152.0
   1897   5   12.9     3.8       2    37.1   197.9
   1897   6   17.9     9.0       0    74.7   144.7
   1897   7   20.8    10.2       0    31.3   233.3
   1897   8   21.4    10.8       0    60.7   206.0
   1897   9   15.6     6.6       0    54.4   112.7
   1897  10   13.3     5.6       2    36.1   104.3
   1897  11    9.7     4.2       4    44.5    29.3
   1897  12    6.9     0.9      11    40.4    31.9
   1898   1    9.3     3.0       6    25.4    40.9
   1898   2    7.5     0.3      13    19.1   100.8
   1898   3    8.0     0.1      17    49.7   118.1
   1898   4   12.1     3.3       2    51.8   128.5
   1898   5   12.9     4.1       1    41.4   148.1
   1898   6   17.6     7.9       0    38.8   137.2
   1898   7   20.0     8.9       0    16.4   208.9
   1898   8   20.5    10.4       0    45.5   157.1
   1898   9   19.3     9.8       0     8.1   106.6
   1898  10   14.2     7.5       0   123.6    75.9
   1898  11    9.4     2.9       6    77.5    55.2
   1898  12    9.6     2.9       5    30.5    51.0
   1899   1    6.3     0.6      10    56.0    48.3
   1899   2    7.3    -0.5      17    33.6    88.0
   1899   3    9.2     0.2      16    31.5   120.6
   1899   4   11.3     2.6       5    55.3   115.2
   1899   5   12.4     4.2       1    80.3   174.5
   1899   6   20.5     8.2       0    34.3   210.2
   1899   7   21.5    11.7       0    77.0   152.5
   1899   8   21.3    11.0       0    29.0   163.3
   1899   9   17.3     8.1       1    61.5   145.9
   1899  10   13.0     3.8       3    48.8   122.0
   1899  11   11.5     4.3       5    39.7    66.9
   1899  12    3.6    -1.7      18    63.7    40.0
   1900   1    5.7     0.4      16    47.3    41.0
   1900   2    3.6    -2.3      19    93.8    64.5
   1900   3    5.7    -0.1      12    35.7    79.7
   1900   4   12.4     2.7       6    24.3   146.5
   1900   5   13.2     5.0       1    30.3   119.5
   1900   6   18.1     8.8       0    79.9   128.1
   1900   7   21.1    12.3       0    28.5   202.3
   1900   8   17.6     9.9       0   130.3   126.6
   1900   9   17.3     8.4       0    17.2   138.1
   1900  10   12.4     4.6       2   137.7    98.4
   1900  11    8.6     3.9       4    60.8    29.3
   1900  12    8.9     4.0       4    46.3    32.5
   1901   1    5.0    -0.4      17    27.2    29.4
   1901   2    4.5    -0.5      17    28.9    47.8
   1901   3    7.0     0.4      11    35.4   114.7
   1901   4   12.4     2.6       5    24.6   194.1
   1901   5   14.7     5.0       1    42.2   218.6
   1901   6   17.8     7.6       0    31.1   230.0
   1901   7   22.4    12.0       0    65.0   219.2
   1901   8   20.2    10.5       0    56.6   208.2
   1901   9   16.5     9.4       0    35.0   124.4
   1901  10   12.4     4.5       3    60.2    93.8
   1901  11    8.3     2.0      10   129.9    78.0
   1901  12    5.0     0.2      15    48.1    48.9
   1902   1    6.6     1.4      14    13.3    36.1
   1902   2    3.3    -2.1      16    26.4    64.3
   1902   3    9.5     1.7       5    14.1   109.9
   1902   4   10.8     2.0       6    37.3   182.0
   1902   5   11.0     3.7       3    57.9   164.3
   1902   6   15.6     7.5       0    50.1   146.5
   1902   7   17.6     9.0       0    69.9   134.7
   1902   8   16.4     8.4       0    45.1   116.0
   1902   9   15.9     8.2       0    23.1   101.7
   1902  10   11.8     5.9       0    53.2    69.1
   1902  11    8.9     3.9       5    28.3    47.0
   1902  12    6.9     2.0      12    52.1    33.3
   1903   1    5.3    -0.2      13    57.9    42.3
   1903   2    9.0     2.9       6    26.7    54.9
   1903   3    9.3     2.2       5    30.6   103.8
   1903   4    9.2     0.6      13    35.2   133.3
   1903   5   12.8     5.1       1    68.6   143.0
   1903   6   15.4     7.2       0    60.8   156.3
   1903   7   18.0    10.1       0   122.8   142.3
   1903   8   17.2     9.1       0    42.0   168.9
   1903   9   15.4     7.9       0    59.5   120.1
   1903  10   11.9     6.1       0   201.8    75.8
   1903  11    8.4     2.2       8    52.1    72.6
   1903  12    4.4     0.3      11    25.6    10.4
   1904   1    6.0     0.9      13    44.8    35.7
   1904   2    4.7    -0.1      15    42.0    54.9
   1904   3    6.6     0.4      13    31.2    85.8
   1904   4   12.1     4.0       0    25.6   162.9
   1904   5   13.3     5.4       1    74.9   137.6
   1904   6   16.5     8.4       0    33.1   180.2
   1904   7   19.5    11.0       0    43.3   177.4
   1904   8   18.4     9.9       0    63.1   162.4
   1904   9   16.2     7.4       0    25.0   137.9
   1904  10   12.7     4.9       4    18.5   110.8
   1904  11    8.3     2.1       9    45.6    60.1
   1904  12    5.8    -0.2      16    35.2    52.4
   1905   1    6.6     1.2      13     9.1    42.3
   1905   2    7.4     1.4       9    18.3    71.1
   1905   3   10.2     2.2       4    30.8   132.5
   1905   4    9.7     2.2       5    72.5    98.9
   1905   5   13.8     5.0       2     8.1   148.5
   1905   6   17.9     8.8       0    17.5   220.5
   1905   7   21.7    11.4       0    19.1   202.7
   1905   8   17.6     9.9       0    69.3   139.8
   1905   9   15.4     8.1       0    56.4   123.7
   1905  10   10.4     3.2       4    56.8    99.0
   1905  11    7.1     1.9       9   116.8    58.5
   1905  12    7.5     2.8       1    13.1    50.8
   1906   1    6.9     2.1       4    57.7    40.7
   1906   2    5.4    -0.9      17    27.0   103.2
   1906   3    7.6     0.8      12    34.2   132.8
   1906   4   11.6     0.2      15    22.1   195.5
   1906   5   12.6     5.6       3    94.6   107.3
   1906   6   18.1     8.8       0    21.1   194.1
   1906   7   19.7     9.7       0    35.1   211.9
   1906   8   20.1    11.1       0    64.9   156.3
   1906   9   17.5     8.0       0    11.7   163.1
   1906  10   12.8     6.5       0   113.4    71.9
   1906  11    9.7     4.6       3    72.3    39.1
   1906  12    5.1    -0.1      19    50.3    48.5
   1907   1    5.8     0.5      14    13.8    70.5
   1907   2    5.9    -0.7      17    26.4   115.3
   1907   3   10.6     0.6      10    21.6   187.1
   1907   4   10.7     2.9       4    51.4   130.9
   1907   5   12.1     5.2       0    94.6   105.5
   1907   6   15.2     7.7       0    77.0   143.2
   1907   7   16.9     8.7       0    39.7   134.8
   1907   8   17.3     9.2       0    38.0   140.4
   1907   9   17.4     7.2       1     6.3   139.5
   1907  10   12.5     5.6       2   142.0    80.3
   1907  11    8.5     2.5       8    48.2    54.3
   1907  12    6.4     1.2       8    72.6    31.6
   1908   1    5.1    -0.7      18    27.3    63.9
   1908   2    8.1     1.4       8    27.7    82.6
   1908   3    6.5     0.3      13    74.5    90.5
   1908   4    8.4     1.6       8    70.7    89.8
   1908   5   15.6     6.9       0    45.4   177.2
   1908   6   17.5     7.9       0    11.8   180.4
   1908   7   19.0    10.2       0    63.7   150.7
   1908   8   17.4     9.2       0    51.7   148.2
   1908   9   16.3     9.0       0    42.0    91.6
   1908  10   15.1     7.7       0    33.8    91.6
   1908  11    9.4     2.7       6    27.4    61.0
   1908  12    5.3    -0.1      13    17.1    25.3
   1909   1    5.6    -0.3      17    15.1    74.0
   1909   2    5.6    -0.6      18    35.3    49.6
   1909   3    5.6    -0.2      14   108.1    65.6
   1909   4   13.1     2.6       5    56.8   188.8
   1909   5   14.7     4.5       4    33.5   222.1
   1909   6   15.2     6.6       0    48.4   128.9
   1909   7   18.0    10.0       0    55.7   152.4
   1909   8   19.2    10.3       0    74.5   171.5
   1909   9   14.1     7.3       0    50.4    79.6
   1909  10   12.5     5.5       4    53.3    99.1
   1909  11    7.6     1.4      12    19.3    61.6
   1909  12    5.3     0.4      13    79.4    47.2
   1910   1    5.5    -0.3      15    55.0    64.4
   1910   2    6.3     0.7      12    53.0    74.5
   1910   3    9.6     2.0       6    16.0   124.3
   1910   4   10.0     2.0       4    61.1   112.2
   1910   5   13.3     5.1       2    42.1   162.7
   1910   6   17.8     8.5       0    60.8   184.1
   1910   7   17.0     9.5       0    73.4   126.9
   1910   8   18.4    10.7       0    62.2   143.3
   1910   9   15.6     7.3       0     9.5   109.3
   1910  10   13.0     7.1       0    73.8    83.1
   1910  11    5.4    -0.4      16    75.7    92.7
   1910  12    7.9     3.1       2    48.7    43.3
   1911   1    6.4     0.6       9    37.1    55.1
   1911   2    7.4     1.1      11    21.1    69.5
   1911   3    6.5     1.5       4    43.8    83.6
   1911   4    9.9     3.4       6    27.6   106.2
   1911   5   16.0     6.8       0    17.7   173.4
   1911   6   18.2     7.7       0    90.7   204.7
   1911   7   22.2    10.3       0    16.4   253.0
   1911   8   20.6    11.7       0    50.5   168.8
   1911   9   17.4     7.5       0    41.2   167.8
   1911  10   11.2     5.0       4    61.9    64.7
   1911  11    8.0     2.5       7    89.9    55.9
   1911  12    7.5     2.3       4    86.5    39.4
   1912   1    4.9    -0.2      14    79.0    33.4
   1912   2    6.5     1.0       8    49.2    50.2
   1912   3    9.4     3.1       4    49.0   107.1
   1912   4   12.5     2.5       5     2.4   190.2
   1912   5   14.5     5.7       1    57.5   128.4
   1912   6   16.1     8.8       0   111.7    91.7
   1912   7   17.2    10.4       0    89.5    73.4
   1912   8   15.4     8.1       0   105.9    56.8
   1912   9   13.9     6.5       0    42.6    94.2
   1912  10   11.6     3.8       4    65.3    83.7
   1912  11    8.4     2.7       8    50.5    43.8
   1912  12    8.1     1.8       4    38.2    28.9
   1913   1    4.8     0.1      14    64.3    15.5
   1913   2    7.3     0.8      11    16.7    54.4
   1913   3    8.1     1.2       7    56.0   118.4
   1913   4   10.1     3.4       2   101.6   100.2
   1913   5   13.7     5.9       1    63.6   117.6
   1913   6   17.6     8.5       0    25.4   178.6
   1913   7   17.2     9.5       0    22.5    86.1
   1913   8   18.9     9.1       0    46.8   132.5
   1913   9   16.9     9.4       0    71.1    98.9
   1913  10   12.6     6.5       3    67.4    74.5
   1913  11   10.4     4.3       3    30.1    65.8
   1913  12    6.7     1.6       9    28.8    36.3
   1914   1    6.1     0.7      12    36.2    32.6
   1914   2    9.1     3.0       2    33.2    56.6
   1914   3    8.4     1.6       7    34.6    97.0
   1914   4   14.7     3.2       2     8.7   238.1
   1914   5   14.1     4.9       3    35.7   143.0
   1914   6   18.9     7.8       0   113.8   222.1
   1914   7   19.0    10.3       0    66.9   134.3
   1914   8   19.5    10.0       0    36.6   188.8
   1914   9   17.4     7.2       2    41.7   165.9
   1914  10   13.0     6.2       0    48.5    67.1
   1914  11    9.0     3.1       6    87.4    49.7
   1914  12    6.0     0.9       9   115.3    47.5
   1915   1    5.6     0.8      10    52.9    40.4
   1915   2    6.2     0.4      10    63.1    67.0
   1915   3    8.4     0.8      11    52.4   125.1
   1915   4   11.3     2.4       4    14.5   175.3
   1915   5   12.8     3.8       3    55.5   190.4
   1915   6   17.8     7.5       1     9.4   186.6
   1915   7   18.4     9.6       0    90.1   157.8
   1915   8   19.0    10.0       0    76.4   142.8
   1915   9   16.5     7.2       0    39.0   152.4
   1915  10   11.7     4.1       3    32.4    58.6
   1915  11    5.7    -0.3      16    40.1    70.1
   1915  12    5.8     1.2       7   133.7    34.6
   1916   1    9.8     3.7       2    16.1    55.8
   1916   2    5.7    -0.2      15    73.5    75.7
   1916   3    4.5    -0.3      17    90.5    65.8
   1916   4   11.7     2.7       5    39.3   152.6
   1916   5   14.5     5.3       0    61.4   149.9
   1916   6   14.6     6.8       0    42.0    97.5
   1916   7   19.5    10.0       0    59.2   159.9
   1916   8   20.0    10.7       0    81.5   142.2
   1916   9   16.3     7.6       0    36.5   136.9
   1916  10   12.5     4.9       5    62.4    68.4
   1916  11    9.5     3.8       4    65.8    53.7
   1916  12    4.7    -0.9      17    62.8    43.3
   1917   1    3.3     0.0      20    80.4    19.5
   1917   2    3.8    -2.0      17    21.9    46.2
   1917   3    5.9    -1.4      23    52.5   106.5
   1917   4    8.5     0.2      15    46.2    98.6
   1917   5   15.2     5.5       1    76.6   184.6
   1917   6   18.7     7.8       0    34.5   220.3
   1917   7   20.2     9.9       0    26.1   202.5
   1917   8   18.7    11.0       0   157.0   108.6
   1917   9   17.3     8.9       0    24.6   132.3
   1917  10   11.2     2.8       5    50.3   130.1
   1917  11   10.5     4.6       2    22.7    55.8
   1917  12    4.8    -0.3      18    67.4    53.3
   1918   1    5.8    -0.3      14    50.7    51.1
   1918   2    8.1     2.3       6    31.4    59.3
   1918   3    8.0     1.3       4    31.5    86.9
   1918   4    8.9     2.4       2    36.6   105.2
   1918   5   16.9     6.3       1    35.2   181.2
   1918   6   17.9     7.0       0     8.1   201.7
   1918   7   19.7     9.7       0    86.1   189.5
   1918   8   19.2    10.8       0    35.8   163.6
   1918   9   14.2     6.4       0   116.8   140.1
   1918  10   11.8     5.3       0    49.6    77.6
   1918  11    8.0     0.8      14    29.4    60.3
   1918  12    7.9     2.3       8    62.4    48.0
   1919   1    3.9    -0.5      14    69.4    44.8
   1919   2    3.9    -1.7      16    40.5    54.4
   1919   3    5.8    -1.0      17    73.1    95.9
   1919   4   11.1     2.5       6    39.1   128.4
   1919   5   16.8     5.6       1    20.9   210.9
   1919   6   18.3     8.0       0    22.5   195.0
   1919   7   17.4     8.4       0    48.5   152.4
   1919   8   19.9     9.7       0    59.1   180.6
   1919   9   17.2     7.2       1    19.7   134.0
   1919  10   11.8     2.6       1   119.7   111.1
   1919  11    5.4    -0.5      13    91.6    48.7
   1919  12    6.3     0.9       5    57.6    39.6
   1920   1    6.9     0.9       9    65.1    70.8
   1920   2    8.5     1.4       6    21.2    92.2
   1920   3    9.8     2.0       7    69.0   116.6
   1920   4    9.7     3.2       2    67.5   102.9
   1920   5   14.7     6.0       1    84.0   192.8
   1920   6   17.7     7.7       1    21.7   217.6
   1920   7   17.0     9.6       0   108.2   105.9
   1920   8   17.5     8.0       0    32.3   125.1
   1920   9   16.9     7.3       0    26.7   121.1
   1920  10   13.0     5.5       0    56.0    79.6
   1920  11    9.2     3.7       4    21.1    47.2
   1920  12    6.2     0.7      14    80.7    36.3
   1921   1    8.7     2.3       3    77.4    36.3
   1921   2    7.3     0.8      11     3.7    64.9
   1921   3   10.1     2.1       6    18.4   114.2
   1921   4   12.4     2.4       6    31.4   184.7
   1921   5   15.8     4.6       1    45.8   247.6
   1921   6   19.0     7.3       0    19.6   214.5
   1921   7   21.2    10.5       0    37.4   171.4
   1921   8   17.8     9.7       0   104.6   113.6
   1921   9   17.7     8.1       0    16.7   148.4
   1921  10   16.2     7.7       1    33.0   125.0
   1921  11    6.8     0.5      11    63.3    65.1
   1921  12    9.3     2.7       5    39.0    54.1
   1922   1    4.1    -1.5      19    80.7    46.5
   1922   2    5.8    -0.3      14    48.2    76.0
   1922   3    6.8     0.5       8    39.5    79.1
   1922   4    8.7    -0.1      15    49.5   156.8
   1922   5   16.2     6.4       1    13.5   197.0
   1922   6   18.0     7.3       0    37.6   192.3
   1922   7   17.0     8.1       0   115.2   120.4
   1922   8   16.5     8.4       0    59.4   125.6
   1922   9   14.1     6.8       0    95.8    64.6
   1922  10   11.1     4.1       1    38.0    92.0
   1922  11    9.1     2.1       8    18.9    96.9
   1922  12    7.5     1.8       7    86.5    40.2
   1923   1    8.6     2.5       5    25.0    72.9
   1923   2    5.7     1.1      11    89.1    32.6
   1923   3    8.5     1.8       5    39.8    94.7
   1923   4    9.0     2.3       3    50.1   118.7
   1923   5   11.6     3.4       1    63.9   148.6
   1923   6   15.5     7.1       0    24.4   129.1
   1923   7   20.7    11.3       0    39.2   159.3
   1923   8   18.7    10.1       0    76.0   169.6
   1923   9   15.5     7.3       0    34.9   155.4
   1923  10   12.2     4.5       2    47.6   106.5
   1923  11    5.8    -0.1      13    83.2    78.5
   1923  12    4.8    -0.5      17    58.1    54.8
   1924   1    5.7     0.1      13    40.6    49.6
   1924   2    5.8     0.0      16    25.6    57.0
   1924   3    6.9    -2.7      28    24.6   122.9
   1924   4    9.9     1.5       8    44.8   132.5
   1924   5   13.1     5.9       0   154.0   134.0
   1924   6   16.7     7.6       0    50.1   151.3
   1924   7   18.4    10.0       0    98.9   164.3
   1924   8   17.2     9.1       0    59.0   123.5
   1924   9   15.6     8.6       0    72.9   111.6
   1924  10   12.7     5.6       2    70.0    95.3
   1924  11    9.0     3.6       4    31.5    53.8
   1924  12    8.6     3.5       0    55.5    37.2
   1925   1    6.8     1.2       5    42.3    43.0
   1925   2    6.7     0.7       9    58.1    75.6
   1925   3    7.7     1.3       9    41.7    97.4
   1925   4   10.1     2.1       5    80.3   139.3
   1925   5   14.2     6.1       1    58.9   142.8
   1925   6   18.1     7.9       0     1.7   194.1
   1925   7   21.1    10.9       0    52.6   163.0
   1925   8   18.3     9.8       0    66.9   137.4
   1925   9   14.5     6.1       0    59.8   107.5
   1925  10   13.5     4.8       3    63.9    90.6
   1925  11    5.8    -0.8      20    57.8    73.8
   1925  12    4.3    -1.2      18    79.4    61.3
   1926   1    5.9     0.7      12    53.1    38.5
   1926   2    7.8     2.4       6    40.2    35.4
   1926   3    8.9     1.8       5    19.7   107.1
   1926   4   12.6     3.3       2    23.0   103.1
   1926   5   12.7     4.0       3    42.6   167.3
   1926   6   17.1     8.0       0    77.2   151.7
   1926   7   20.3    11.5       0    80.5   161.0
   1926   8   20.0    10.5       0    59.5   184.9
   1926   9   17.1     8.6       0    56.4   144.2
   1926  10   10.6     2.9       9    70.3   121.7
   1926  11    7.7     1.4       7    89.7    50.6
   1926  12    6.9     1.1       8    17.7    64.2
   1927   1    6.6     0.7      12    26.6    38.9
   1927   2    7.1     0.1      13    16.8    55.2
   1927   3    9.5     2.4       2    36.4    92.1
   1927   4   10.7     2.4       8    32.7   144.0
   1927   5   12.5     4.0       2    39.5   120.8
   1927   6   15.3     6.0       1    77.0   185.5
   1927   7   18.1    10.3       0    96.5   134.9
   1927   8   18.6     9.9       0   158.3   132.1
   1927   9   15.0     7.5       0    92.4   103.2
   1927  10   13.1     5.2       2    36.2   101.2
   1927  11    8.1     2.1      10    53.4    65.6
   1927  12    3.0    -0.8      12    70.7    16.5
   1928   1    7.0     0.6       6    60.9    57.5
   1928   2    8.1     1.1      11    28.2    82.2
   1928   3    7.3     1.2       9    56.3    48.2
   1928   4   10.9     2.5       7    18.5   126.3
   1928   5   12.5     4.5       2    40.6   119.7
   1928   6   15.1     6.5       0   117.4   169.7
   1928   7   19.0     9.9       0    38.9   232.9
   1928   8   18.7     9.9       0    64.5   159.4
   1928   9   15.7     7.0       0    17.2   132.7
   1928  10   12.1     5.0       2    62.5    96.1
   1928  11    9.7     3.7       2    56.9    60.5
   1928  12    5.3    -0.7      18    36.3    46.9
   1929   1    3.4    -0.9      19    39.8    23.0
   1929   2    2.2    -3.6      22    24.7    33.0
   1929   3   11.7     0.8      10     4.2   162.2
   1929   4    9.0     0.9       7    24.8   141.5
   1929   5   14.8     4.7       1    22.7   186.5
   1929   6   16.5     7.4       0    40.5   172.6
   1929   7   19.9     9.5       0    58.5   163.1
   1929   8   18.2     9.8       0    71.6   127.9
   1929   9   18.9     8.3       0    32.4   157.4
   1929  10   12.4     4.4       5    49.1   115.2
   1929  11    8.7     2.3       5    65.3    59.3
   1929  12    7.0     1.6       8    78.9    52.8
   1930   1    7.1     1.0      10    89.7    55.6
   1930   2    4.1    -0.6      14    42.3    34.4
   1930   3    7.6     0.3      12    62.4    96.5
   1930   4    9.8     3.7       0    54.9    78.7
   1930   5   13.0     4.5       2    38.6   159.6
   1930   6   18.7     8.4       0    29.2   191.7
   1930   7   17.9    10.4       0   183.9   130.3
   1930   8   19.1    10.2       0   113.2   172.5
   1930   9   15.1     8.8       0    77.7    83.3
   1930  10   12.5     5.8       0    50.0   111.9
   1930  11    8.3     1.5       9    80.0    96.3
   1930  12    6.0     0.0      14    63.8    28.1
   1931   1    5.3    -0.5      16    50.3    74.0
   1931   2    5.6    -0.3      15    30.5    67.4
   1931   3    6.4    -1.4      22    37.7   114.9
   1931   4   10.0     2.9       2    78.6   112.3
   1931   5   14.1     5.4       1    70.6   165.3
   1931   6   16.2     8.3       0    92.0   132.6
   1931   7   18.2    10.6       0   101.6    96.7
   1931   8   16.5     8.8       0    56.1   126.8
   1931   9   14.7     6.4       1    84.4    70.1
   1931  10   12.3     3.8       7    27.0   134.9
   1931  11    9.2     3.3       3    53.3    37.1
   1931  12    7.4     0.8      12    25.0    55.8
   1932   1    8.6     1.5      12    37.7    78.5
   1932   2    6.7     1.0       8    26.4    67.6
   1932   3    7.5     0.6       7    56.7    80.8
   1932   4    9.6     1.5       6    32.5   150.0
   1932   5   11.8     5.4       1   104.2    86.6
   1932   6   16.4     7.7       0    29.7   172.1
   1932   7   18.5    11.0       0   110.6   121.4
   1932   8   19.3    10.7       0    65.6   130.0
   1932   9   15.8     7.6       2    55.4   156.8
   1932  10   11.0     4.1       1   101.3    85.9
   1932  11    8.4     3.2       5    18.8    44.8
   1932  12    7.5     3.0       3    23.4    43.8
   1933   1    4.5    -1.2      16    42.5    40.5
   1933   2    6.1     0.6      11    85.3    63.3
   1933   3   11.0     1.8       7    27.2   162.5
   1933   4   12.2     4.4       2    26.4   104.6
   1933   5   13.8     6.5       0    59.3   100.9
   1933   6   19.1     8.9       0    36.4   225.0
   1933   7   21.8    11.9       0    44.7   192.2
   1933   8   21.5    11.4       0    24.1   199.1
   1933   9   18.0     9.4       0    54.2   131.8
   1933  10   12.6     6.0       0    79.0    78.7
   1933  11    8.0     2.8       3    90.5    44.6
   1933  12    4.2     0.0      15    50.0    22.5
   1934   1    7.1     1.1       6    30.1    73.4
   1934   2    8.4     1.6       8    10.9   101.6
   1934   3    8.1     0.7       7    64.6    96.8
   1934   4   10.2     3.1       3    94.0   107.3
   1934   5   15.0     5.4       0    32.9   184.2
   1934   6   17.8     8.5       0    53.3   161.6
   1934   7   21.7    11.4       0    55.5   224.0
   1934   8   18.9     9.6       0    61.8   173.8
   1934   9   18.2     8.3       0    43.0   150.5
   1934  10   12.9     6.3       1    79.4    95.2
   1934  11    8.6     3.3       5    60.6    45.2
   1934  12    9.0     4.5       1   104.0    17.8
   1935   1    7.1     1.1      10    57.2    40.0
   1935   2    8.0     1.9       6    81.3    44.3
   1935   3    9.5     2.9       4    15.2   100.2
   1935   4   10.2     3.2       4    81.3   106.0
   1935   5   12.6     4.1       3    20.4   170.9
   1935   6   18.2     9.1       0    71.1   149.4
   1935   7   21.4    10.6       0     7.7   229.5
   1935   8   21.4    10.7       0    50.6   165.8
   1935   9   16.1     7.9       0   135.1   139.0
   1935  10   12.4     4.7       3    91.9    74.7
   1935  11    8.6     3.0       2   103.2    33.9
   1935  12    4.6     0.4      14    45.2    54.1
   1936   1    5.1     0.6       9    86.6    59.5
   1936   2    4.6    -1.5      15    87.7    66.5
   1936   3    9.0     2.9       3    59.4    54.2
   1936   4    9.8     1.5       6    37.0   168.7
   1936   5   13.9     5.7       0    42.3   152.7
   1936   6   17.9     7.8       0    88.1   181.4
   1936   7   18.9    11.0       0    77.0   127.2
   1936   8   20.4    10.9       0    52.4   194.1
   1936   9   16.8    10.4       0    68.6    75.5
   1936  10   12.9     4.9       1    34.5    92.6
   1936  11    8.6     1.7       6    62.0    62.0
   1936  12    7.6     1.7       9    45.0    55.4
   1937   1    6.7     1.6      10    69.6    40.3
   1937   2    6.8     1.1       6    77.2    85.0
   1937   3    5.4    -0.4      17    78.9    63.7
   1937   4   10.8     4.4       2    56.4    71.3
   1937   5   15.4     6.6       0    70.5   158.8
   1937   6   17.5     9.1       0    43.2   133.4
   1937   7   19.7    11.4       0    79.8   118.8
   1937   8   20.2    11.0       0    38.0   139.1
   1937   9   16.5     7.7       0    39.8   118.2
   1937  10   13.0     6.0       0    42.2    61.9
   1937  11    8.1     3.0       6    34.1    46.9
   1937  12    4.4    -0.4      13   161.4    30.2
   1938   1    7.8     2.5       2    50.4    60.3
   1938   2    7.4     2.2       5    28.5    47.0
   1938   3   13.1     5.6       1     7.6   100.4
   1938   4   11.6     2.8       7     2.2   116.8
   1938   5   14.0     4.8       4    87.0   148.6
   1938   6   17.6     8.8       0    68.6   188.7
   1938   7   18.6    10.0       0    58.6   127.2
   1938   8   18.9    10.3       0    40.3   139.3
   1938   9   17.2     8.7       0    61.0    87.2
   1938  10   13.0     6.2       0    79.9   102.2
   1938  11   10.9     5.0       1    59.5    79.4
   1938  12    6.2     1.4       7   105.3    41.1
   1939   1    5.4     0.6      15   121.8    42.1
   1939   2    8.2     2.3       3    18.5    65.4
   1939   3    8.7     2.0       3    72.3   112.4
   1939   4   11.9     3.9       1    28.4   166.6
   1939   5   15.2     5.6       1    33.8   181.5
   1939   6   18.3     7.9       0    63.0   190.2
   1939   7   19.0    10.4       0    79.0   125.0
   1939   8   19.7    11.5       0   109.0   118.5
   1939   9   17.2     9.3       0    35.0    96.0
   1939  10   11.7     4.1       3   142.6   100.0
   1939  11   10.3     4.5       0    63.4    61.5
   1939  12    5.8     1.3       9    32.2    44.0
   1940   1    1.6    -4.6      28    40.9    56.6
   1940   2    3.4    -0.8      15    50.8    30.6
   1940   3    9.0     1.5      11    46.8   113.2
   1940   4   10.7     2.7       5    39.6   106.4
   1940   5   16.5     5.6       0    39.7   215.7
   1940   6   22.3     9.2       0    33.2   297.0
   1940   7   18.6     9.0       0   133.4   138.6
   1940   8   18.7     9.5       0    21.2   158.6
   1940   9   16.1     7.1       0    33.0   176.0
   1940  10   11.5     5.8       1    77.9    66.7
   1940  11    8.9     3.3       3    88.1    61.7
   1940  12    5.9     1.4       5    53.3    39.9
   1941   1    1.8    -2.7      18    85.2    28.5
   1941   2    4.5    -1.6      15   152.5    70.3
   1941   3    7.1    -0.1      15    63.8    81.6
   1941   4    8.9     2.1       4    27.0   101.1
   1941   5   12.8     3.9       3    30.1   131.0
   1941   6   18.6     9.0       0    21.7   186.3
   1941   7   22.0    11.5       0    36.3   154.8
   1941   8   18.2     9.8       0    58.2   154.0
   1941   9   18.4     9.9       0    12.8    88.4
   1941  10   13.3     5.8       1    90.8    98.7
   1941  11    8.8     2.5       4    88.3    45.5
   1941  12    8.8     2.8       6    14.5    54.0
   1942   1    3.0    -1.7      21    49.3    12.5
   1942   2    2.8    -3.4      26    42.2    40.2
   1942   3    7.6    -0.6      19    27.3    77.8
   1942   4   12.3     2.6       3    20.5   203.3
   1942   5   14.8     4.2       4    39.2   211.0
   1942   6   18.6     7.9       0    28.5   172.7
   1942   7   19.3     9.3       0    76.1   177.5
   1942   8   19.6    11.1       0    51.2    95.6
   1942   9   17.0     8.0       1    67.3   151.6
   1942  10   14.0     6.0       1    43.4   106.5
   1942  11    8.4     1.7       6    16.8    49.8
   1942  12    8.3     1.4       9    52.8    28.1
   1943   1    5.8    -0.5      15    80.1    48.5
   1943   2    9.7     1.0       9    19.1   115.4
   1943   3   10.7     1.1      10    16.2   131.8
   1943   4   14.0     4.5       2    24.5   156.4
   1943   5   16.1     4.9       2    58.3   193.8
   1943   6   18.3     8.3       0    29.9   170.6
   1943   7   19.7     9.0       0    39.3   182.2
   1943   8   18.8     9.6       0    98.4   120.5
   1943   9   16.6     7.3       0    87.2   132.1
   1943  10   13.6     5.1       1    42.3    87.8
   1943  11    8.4     2.3       7    44.5    73.4
   1943  12    7.0     0.4      11    29.9    54.3
   1944   1    8.7     1.6      10    22.5    51.4
   1944   2    6.4     0.2      11    55.1    49.9
   1944   3    9.5     0.5      11     9.7   116.1
   1944   4   13.7     4.1       1    54.4   125.9
   1944   5   15.0     4.9       1    43.9   145.1
   1944   6   16.9     7.2       0    54.4   156.6
   1944   7   19.2    10.4       0    86.4    75.3
   1944   8   20.4    11.1       0    36.5   144.6
   1944   9   16.0     6.9       0   131.4   129.7
   1944  10   11.8     5.1       0    82.5    89.9
   1944  11    8.5     2.3       2   126.2    64.8
   1944  12    6.1     1.2      11    34.1    44.5
   1945   1    3.5    -2.5      20    92.8    57.2
   1945   2    9.8     3.3       3    36.9    79.2
   1945   3   12.5     2.8       8    11.6   119.1
   1945   4   13.8     4.0       3    32.8   181.7
   1945   5   15.6     6.1       2    78.2   173.8
   1945   6   17.9     9.1       0    53.6   184.0
   1945   7   21.3    11.4       0    40.9   199.5
   1945   8   19.6    10.6       0    85.5   135.8
   1945   9   18.0     9.1       0    48.2   140.1
   1945  10   15.3     7.0       0    93.8   105.1
   1945  11   10.0     4.7       1    22.3    46.4
   1945  12    6.7     1.8       6    34.3    42.3
   1946   1    5.1    -0.4      14    33.3    42.5
   1946   2    8.4     2.2       8     8.1   100.2
   1946   3    8.8     1.4      12    35.9   102.9
   1946   4   13.9     4.6       1    46.0   150.6
   1946   5   13.4     4.8       0    55.4   156.3
   1946   6   17.2     7.9       0    43.7   184.4
   1946   7   20.3    10.8       0    75.8   171.1
   1946   8   18.0     9.4       0    91.9   124.1
   1946   9   16.3     9.0       0   100.4   101.9
   1946  10   11.6     5.9       3    41.1    59.3
   1946  11    9.9     4.7       0   121.4    34.9
   1946  12    5.7     0.7      11    69.6    53.2
   1947   1    4.7     0.1      14    48.0    40.0
   1947   2    0.6    -2.9      26    80.5    42.8
   1947   3    4.7    -1.1      16    97.9    69.6
   1947   4   11.1     4.0       2    87.7   149.6
   1947   5   16.7     6.6       0    49.6   169.9
   1947   6   18.5    10.1       0    47.8   144.5
   1947   7   20.2    12.0       0    56.2   173.8
   1947   8   23.0    11.4       0     7.7   234.5
   1947   9   19.1     8.8       0    42.7   146.2
   1947  10   14.6     6.5       0    14.0    89.4
   1947  11    9.0     2.7       8    52.7   120.0
   1947  12    7.4     2.2       7    38.3    46.9
   1948   1    6.2     1.6       4   188.0    35.5
   1948   2    6.9     1.7       5    29.1    66.6
   1948   3   11.9     3.1       3    20.2   145.1
   1948   4   12.9     3.8       0    35.1   168.8
   1948   5   14.9     4.6       4    29.2   201.1
   1948   6   16.2     8.2       0    83.7   170.9
   1948   7   19.2    10.5       0    42.8   150.6
   1948   8   17.4    10.0       0    96.8   110.5
   1948   9   16.6     9.0       0    98.8   110.8
   1948  10   13.5     5.6       3    39.5    91.6
   1948  11    9.4     3.4       7    34.1    61.3
   1948  12    7.2     1.6       9    58.0    49.0
   1949   1    7.9     1.1      11    14.5    65.1
   1949   2    8.6     1.7       6    12.6   108.4
   1949   3    8.3     1.3      11    28.3   115.1
   1949   4   14.0     5.6       0    38.7   158.7
   1949   5   15.9     5.1       0    15.5   208.9
   1949   6   19.5     7.9       0    33.0   250.9
   1949   7   21.2    11.2       0    50.8   198.4
   1949   8   20.5    11.3       0    44.5   157.8
   1949   9   19.4    11.1       0    20.0   106.5
   1949  10   14.5     7.3       2    61.9    92.2
   1949  11    8.9     3.3       2   100.2    55.7
   1949  12    7.9     2.3       4    52.0    59.1
   1950   1    6.4     1.8      11    41.6    22.8
   1950   2    7.0     0.8       9    76.8    95.9
   1950   3   11.1     2.8       2    20.8   148.4
   1950   4   10.6     2.6       6    33.2   132.4
   1950   5   12.9     5.9       0    37.9   115.4
   1950   6   20.6     9.8       0    19.6   234.1
   1950   7   19.8    10.9       0   100.4   167.8
   1950   8   18.9     9.8       0   122.3   148.8
   1950   9   15.6     8.4       0   106.8   114.1
   1950  10   12.8     5.9       2    22.9   101.1
   1950  11    8.3     2.5       4   140.8    66.1
   1950  12    3.3    -1.2      18    80.6    43.9
   1951   1    5.5    -0.1      14    29.2    62.6
   1951   2    5.9     0.2       9    61.9    69.0
   1951   3    7.1    -0.3      19    85.5    88.5
   1951   4   10.3     1.7       4    28.6   161.3
   1951   5   11.8     4.6       0    99.5   123.5
   1951   6   16.8     7.4       0    23.0   193.4
   1951   7   20.3    10.7       0    43.2   159.9
   1951   8   18.1    10.0       0   105.5   131.3
   1951   9   17.5     8.9       0    26.8   143.3
   1951  10   13.3     5.9       2    44.5    97.6
   1951  11   10.5     5.0       2   140.4    64.7
   1951  12    7.3     1.3      10    56.8    55.6
   1952   1    4.2    -0.8      15    42.3    72.9
   1952   2    6.9     0.5      13    10.7    84.9
   1952   3    8.8     2.2       6    30.6    83.8
   1952   4   13.3     3.7       3    43.4   154.6
   1952   5   17.4     7.4       0    27.0   209.9
   1952   6   18.8     8.7       0    29.6   188.7
   1952   7   20.9    11.1       0    16.0   205.3
   1952   8   19.5    10.7       0    55.7   183.6
   1952   9   14.2     6.8       0   107.3    95.5
   1952  10   11.5     5.3       1    73.4   113.3
   1952  11    6.6     1.1       8    78.0    77.9
   1952  12    5.1     0.2      12    56.9    57.7
   1953   1    6.8     1.5       7    13.4    49.1
   1953   2    7.3     1.6      11    51.4    63.6
   1953   3   11.9     0.6      10     1.3   155.5
   1953   4   10.3     1.8       6    51.0   149.6
   1953   5   16.5     7.5       0    42.2   188.0
   1953   6   16.6     8.6       0    60.7   107.5
   1953   7   18.6    10.4       0    58.3   142.6
   1953   8   19.9    10.6       0   129.1   166.7
   1953   9   17.6     9.1       0    30.8   131.8
   1953  10   12.7     4.5       1    41.3    88.5
   1953  11   10.3     5.3       0    25.0    46.1
   1953  12    8.4     3.4       4    17.4    33.9
   1954   1    5.1     0.2      14    56.7    36.4
   1954   2    3.9    -1.3      15    48.0    41.7
   1954   3    7.7     1.5       4    33.6    71.4
   1954   4   11.1     2.7       4    10.1   130.9
   1954   5   14.2     6.4       0   120.0   129.7
   1954   6   15.8     8.9       0    40.3   118.3
   1954   7   17.7     9.7       0    47.0   142.0
   1954   8   16.8    10.0       0   124.7   101.5
   1954   9   16.0     6.9       1    49.2   160.6
   1954  10   14.1     7.5       0   106.4    74.2
   1954  11    9.1     3.1       2    90.7    75.9
   1954  12    8.7     2.9       7    54.3    51.2
   1955   1    3.9    -0.7      13    54.0    40.6
   1955   2    2.9    -2.2      18    60.7    69.5
   1955   3    6.3    -0.7      16    42.4   129.2
   1955   4   13.3     4.1       2    14.1   155.8
   1955   5   12.5     4.1       0    41.1   196.1
   1955   6   15.8     7.7       0    63.8   175.0
   1955   7   22.1    10.7       0    24.7   254.5
   1955   8   21.2    11.6       0    15.6   166.9
   1955   9   18.0     8.9       0    18.6   156.6
   1955  10   12.8     4.5       4    35.5   127.3
   1955  11    9.3     4.4       4    44.6    43.0
   1955  12    6.9     1.3      10    69.1    56.5
   1956   1    5.3    -0.3      15    82.5    67.5
   1956   2    3.3    -3.1      22    54.1    48.7
   1956   3    8.2     1.6       8    12.7   111.6
   1956   4   10.2     0.7      11    18.9   132.4
   1956   5   16.1     5.8       0    13.7   214.6
   1956   6   16.0     7.9       0    81.2   140.3
   1956   7   18.2    10.9       0    47.2   152.5
   1956   8   16.1     8.6       0   175.7   115.9
   1956   9   16.5     9.3       0    48.4    89.1
   1956  10   12.9     5.8       0    33.6   121.8
   1956  11    8.6     2.9       4    16.3    62.5
   1956  12    7.5     2.3      11    44.0    26.4
   1957   1    7.8     2.2       6    43.5    51.3
   1957   2    7.1     0.2      13    57.2    91.7
   1957   3   11.2     4.4       3    25.9    87.7
   1957   4   11.9     3.1       4     6.9   122.6
   1957   5   13.9     4.8       2    39.5   179.0
   1957   6   19.3     7.7       0    32.8   253.5
   1957   7   18.6    11.9       0    76.7    97.7
   1957   8   17.7    10.8       0    77.1   110.5
   1957   9   14.9     7.5       0    85.7   118.4
   1957  10   13.6     5.6       2    38.0    84.3
   1957  11    9.0     4.0       2    32.5    61.1
   1957  12    6.9     1.2       9    34.4    43.2
   1958   1    5.0    -0.8      14    34.9    74.9
   1958   2    6.2     0.4      14    94.1    66.6
   1958   3    5.5    -0.7      18    55.3    89.0
   1958   4   10.8     2.5       9    30.3   114.5
   1958   5   13.6     5.0       1    91.8   136.3
   1958   6   15.8     8.2       0    71.9   103.5
   1958   7   19.1    10.2       0    51.2   154.3
   1958   8   19.1    10.6       0    62.6   127.5
   1958   9   17.7     9.9       0    43.8   109.0
   1958  10   13.7     5.8       0    34.2   121.4
   1958  11    8.7     2.3       7    12.2    54.4
   1958  12    6.3     1.7       6    82.5    34.0
   1959   1    3.6    -2.2      25    50.7    94.0
   1959   2    6.9     0.8      13    15.1    35.9
   1959   3    9.8     3.1       1    14.5    69.3
   1959   4   13.0     3.7       4    38.2   129.7
   1959   5   16.4     6.1       0    13.3   199.7
   1959   6   19.0     9.1       0    61.1   184.7
   1959   7   21.4    10.9       0    31.1   190.3
   1959   8   21.7    11.2       0     6.4   185.7
   1959   9   19.4     7.8       0    17.7   162.3
   1959  10   15.7     7.5       0    25.0   116.2
   1959  11    9.5     3.2       4    89.6    45.5
   1959  12    7.6     2.2       1    77.1    25.8
   1960   1    6.0     0.4      14   107.5    44.4
   1960   2    5.9    -0.2      15    57.1    78.0
   1960   3    7.2     2.6       1    44.3    62.5
   1960   4   13.1     3.8       2    27.3   137.8
   1960   5   16.1     6.2       1    49.8   188.0
   1960   6   20.1     9.6       0     5.3   237.6
   1960   7   18.4     9.8       0    84.4   130.1
   1960   8   18.4     9.5       0    59.3   155.2
   1960   9   16.2     8.5       0    56.3    99.5
   1960  10   12.1     7.1       0   172.4    40.9
   1960  11    8.7     2.6       2    71.0    53.6
   1960  12    6.0     0.8       9    48.6    53.5
   1961   1    5.5     0.1      10   103.4    48.6
   1961   2    9.2     2.7       3    28.4    81.1
   1961   3   12.3     3.8       1    23.4   133.7
   1961   4   11.9     4.8       2    59.7    81.6
   1961   5   13.8     5.8       0    48.4   158.8
   1961   6   18.1     8.9       0    47.6   148.8
   1961   7   18.0     9.9       0    93.4   106.5
   1961   8   19.2     9.6       0    81.9   164.5
   1961   9   18.4     9.6       0    40.6   124.2
   1961  10   13.3     6.2       0    76.5    92.6
   1961  11    8.3     2.4       7    26.5    65.9
   1961  12    4.0    -1.8      20    80.0    29.2
   1962   1    6.9     0.7       9    48.7    78.5
   1962   2    7.5     1.3       7    20.6    71.5
   1962   3    5.7    -1.8      18    27.4   103.5
   1962   4   11.3     2.7       1    52.9   161.6
   1962   5   13.8     5.5       1    59.0   177.8
   1962   6   17.5     7.5       0    20.9   204.3
   1962   7   17.2     9.2       0    58.1   116.0
   1962   8   17.3     9.3       0    64.0   170.2
   1962   9   15.7     7.9       0    70.2    92.2
   1962  10   13.8     6.2       2    13.2    99.1
   1962  11    7.9     1.4       9    72.8    66.0
   1962  12    4.7    -2.2      23    67.6    69.0
   1963   1    2.1    -3.2      28    74.4    56.2
   1963   2    1.5    -3.9      28    71.8    59.9
   1963   3    8.2     1.2       8    42.7   108.8
   1963   4   11.4     4.4       0    41.7   125.8
   1963   5   14.1     5.7       0    24.6   154.9
   1963   6   17.5     9.6       0    77.7   147.0
   1963   7   18.6     9.8       0    33.3   150.1
   1963   8   17.2     9.2       0    93.7   119.7
   1963   9   16.7     7.3       0    45.2   183.2
   1963  10   13.6     6.3       0    33.4   102.7
   1963  11    9.2     4.0       3    96.8    42.5
   1963  12    5.7     0.2      10    37.3    33.3
   1964   1    6.3     0.1      16    10.8    64.2
   1964   2    6.7     0.6      12    25.0    60.3
   1964   3    5.2     0.8      10    92.9    33.1
   1964   4   12.1     4.7       1    51.8   121.4
   1964   5   16.7     7.4       0    24.6   212.4
   1964   6   16.7     8.8       0    66.6   142.0
   1964   7   19.2    10.2       0    41.5   162.2
   1964   8   19.0     9.7       0    44.0   153.4
   1964   9   18.0     8.2       0    39.5   146.0
   1964  10   12.5     4.5       1    36.9    94.6
   1964  11    9.9     2.9       8    28.7    66.5
   1964  12    5.5    -1.3      19    54.9    44.5
   1965   1    5.5    -0.5      14    90.7    64.3
   1965   2    6.1     0.7       8    26.8    40.4
   1965   3    7.7    -0.4      16    51.2   103.4
   1965   4   11.9     2.6       4    60.3   169.7
   1965   5   14.5     5.7       1    60.7   141.0
   1965   6   18.3     8.5       0    35.4   155.6
   1965   7   16.9     8.3       0    93.9    86.9
   1965   8   18.2     8.7       0    55.0   147.5
   1965   9   15.3     8.4       0    95.6    72.4
   1965  10   13.7     6.3       1    20.4    75.6
   1965  11    6.2     0.6      16   186.1    56.7
   1965  12    5.5    -0.4      10    38.5    54.2
   1966   1    3.9    -0.8      19    50.6    24.4
   1966   2    6.0     0.6      12    98.6    35.2
   1966   3   10.2     2.2       6     9.6   116.1
   1966   4    7.9     2.3       6    79.9    81.0
   1966   5   15.1     5.3       0    57.0   180.7
   1966   6   18.5    10.0       0    62.5   112.2
   1966   7   18.7     9.5       0    67.5   165.9
   1966   8   17.3     9.8       0   112.6   113.6
   1966   9   17.1     9.3       0    27.1   108.4
   1966  10   12.6     5.7       0   100.9    64.5
   1966  11    8.4     2.2       4    49.1    58.4
   1966  12    6.7     0.9       8    49.6    63.5
   1967   1    6.3     0.2      12    32.3    77.6
   1967   2    7.8     2.2       6    53.0    80.8
   1967   3    9.6     3.2       3    23.5   153.6
   1967   4   11.5     3.2       3    37.9   113.6
   1967   5   12.6     4.8       2    97.9   119.7
   1967   6   17.9     8.0       0    34.6   166.9
   1967   7   19.3    10.5       0    69.3   160.2
   1967   8   19.0    10.2       0   115.3   144.2
   1967   9   16.6     8.5       0    52.8   102.1
   1967  10   12.8     6.1       0    87.0   107.5
   1967  11    8.5     0.8       9    81.3    71.4
   1967  12    7.0     0.2      13    34.3    72.8
   1968   1    6.4     0.2      15    25.2    48.4
   1968   2    4.6    -2.0      23    54.2    69.3
   1968   3    9.7     2.1       8    30.1   107.8
   1968   4   12.2     2.2      11    47.7   181.0
   1968   5   12.7     3.6       3    49.3   121.2
   1968   6   18.6     8.4       0    50.6   198.2
   1968   7   16.8     9.6       0   102.4    81.9
   1968   8   17.8    10.7       0    42.2   103.0
   1968   9   17.0     9.2       0   113.6   114.6
   1968  10   14.6     8.6       0    65.0    71.8
   1968  11    7.8     3.9       1    65.6    30.1
   1968  12    4.6     0.4      13    97.3    33.2
   1969   1    7.1     1.0      11    47.9    43.5
   1969   2    3.0    -2.6      20    88.5    72.6
   1969   3    5.0    -0.5      16    85.9    63.5
   1969   4   10.7     2.1       6    45.5   154.8
   1969   5   13.1     5.9       0   102.0   103.4
   1969   6   18.1     8.1       0    78.0   202.5
   1969   7   20.4    11.4       0    44.3   176.8
   1969   8   19.9    11.7       0    35.8   140.3
   1969   9   17.1     9.9       0    58.4    98.9
   1969  10   15.7     8.7       0     9.6    94.3
   1969  11    6.9     1.0      12   116.9    76.6
   1969  12    5.0     0.3      13    45.7    28.7
   1970   1    5.0    -0.2      14    90.1    38.9
   1970   2    5.5    -1.2      14    47.7   114.1
   1970   3    7.5    -0.3      13    32.4   148.7
   1970   4    9.7     2.0      10    49.4   140.2
   1970   5   16.0     7.2       0    22.7   181.8
   1970   6   20.3     9.5       0    18.6   245.1
   1970   7   18.4    10.8       0    46.7   151.2
   1970   8   20.1    11.3       0    63.5   172.8
   1970   9   17.4    10.0       0    34.3   123.2
   1970  10   13.9     6.3       0    22.8   119.9
   1970  11    9.2     3.0       5    62.6    67.2
   1970  12    6.6     2.0       6    72.1    53.2
   1971   1    6.3     1.2      11    45.8    26.9
   1971   2    7.8     1.3       7    16.7    83.4
   1971   3    8.2     1.8       9    62.0    91.0
   1971   4   10.7     3.5       3    48.8   120.2
   1971   5   15.5     5.9       1    47.7   258.8
   1971   6   14.8     7.6       0    59.0   139.0
   1971   7   20.7    11.1       0    32.3   203.4
   1971   8   18.2    10.9       0   127.7   123.4
   1971   9   18.2     9.3       0    12.8   140.4
   1971  10   14.4     6.5       5    20.9    98.9
   1971  11    8.4     2.6      11    47.7    65.4
   1971  12    9.1     3.9       4    19.7    27.6
   1972   1    5.1     1.2      10   116.0    33.1
   1972   2    5.7     1.0       6    56.0    33.4
   1972   3    8.9     1.9       4    51.9    99.8
   1972   4   11.7     4.4       1    30.6   108.3
   1972   5   13.9     5.8       0    57.3   140.1
   1972   6   15.4     7.2       0    59.6   126.6
   1972   7   19.0     9.8       0    50.9   144.1
   1972   8   18.8    10.1       0    14.6   169.1
   1972   9   15.5     6.9       0    23.8   111.3
   1972  10   13.5     5.9       1    11.9    84.9
   1972  11    8.5     2.4       7    52.7    66.4
   1972  12    7.0     1.7       8    26.0    24.7
   1973   1    6.3     1.7      10    27.3    37.9
   1973   2    7.7     0.8      11    12.1   103.6
   1973   3   10.7     2.3       5     9.1   114.8
   1973   4    9.7     2.3       6    70.5   121.5
   1973   5   14.1     6.2       0    56.8   163.2
   1973   6   18.8     9.9       0    35.2   169.1
   1973   7   19.2    10.6       0    78.3   125.0
   1973   8   19.0    10.1       0    66.2   159.3
   1973   9   16.7     8.9       0    48.8   119.3
   1973  10   11.8     5.2       1    41.0    71.7
   1973  11    7.9     1.7      10    21.6    89.3
   1973  12    7.0     0.5      12    36.5    65.4
   1974   1    7.7     1.8       5    74.7    49.1
   1974   2    7.5     2.1       7    45.3    57.2
   1974   3    7.7     1.6       7    52.3    98.5
   1974   4    9.6     2.6       3    16.5    96.0
   1974   5   15.1     5.7       1    19.7   188.9
   1974   6   16.7     7.9       1    34.4   150.4
   1974   7   18.2     9.8       0    65.4   137.0
   1974   8   18.5     9.8       0    48.4   160.1
   1974   9   15.0     7.4       0    65.4   114.9
   1974  10   10.0     4.4       0    76.1    63.6
   1974  11    8.5     2.9       4    55.1    66.8
   1974  12    9.6     3.6       4    35.7    61.5
   1975   1    8.8     2.4       6    43.9    61.5
   1975   2    6.3     0.8      12    21.6    39.9
   1975   3    7.6     0.7      13    45.0    94.9
   1975   4   11.6     3.7       5    59.5   117.7
   1975   5   12.2     3.7       1    49.6   156.0
   1975   6   18.6     7.8       0    24.8   218.8
   1975   7   20.1    11.7       0    61.5   144.3
   1975   8   22.8    12.4       0    84.5   223.7
   1975   9   16.1     7.9       0    78.6   122.5
   1975  10   12.5     5.1       3    20.5    88.5
   1975  11    8.7     2.0       7    34.2    73.5
   1975  12    8.4     2.3       3    22.5    63.4
   1976   1    7.4     2.1      10    46.2    53.0
   1976   2    6.5     1.7       5    17.5    40.6
   1976   3    7.1     1.1       8    26.0   100.6
   1976   4   10.7     3.5       4    31.4   105.9
   1976   5   14.5     6.5       0    78.9   119.0
   1976   6   20.3    10.4       0    24.9   212.6
   1976   7   22.1    10.7       0    30.0   236.7
   1976   8   21.9     9.9       0    18.4   220.5
   1976   9   15.4     8.6       0   193.2    59.4
   1976  10   12.8     6.7       0   142.6    70.2
   1976  11    8.0     1.5      11    22.8    61.2
   1976  12    4.0    -0.5      16    50.9    47.9
   1977   1    4.5    -0.8      17   101.0    52.4
   1977   2    5.9     0.9       6    63.6    49.4
   1977   3    9.2     2.7       5    54.8    73.6
   1977   4   10.3     2.6       5    33.0   158.2
   1977   5   13.6     4.7       1    35.3   197.7
   1977   6   15.9     7.2       0    63.4   158.7
   1977   7   18.8    10.3       0     9.4   135.8
   1977   8   18.6    10.1       0    37.8   141.0
   1977   9   16.1     8.5       0    16.3    86.0
   1977  10   13.5     7.7       0    41.5    70.0
   1977  11    8.4     2.9       4    74.2    76.8
   1977  12    7.4     2.8       4    63.9    32.2
   1978   1    4.8    -0.9      17    80.8    60.1
   1978   2    3.7    -2.0      19    71.3    49.6
   1978   3    9.9     2.8       4    29.5   108.4
   1978   4    9.4     2.4       5    34.4    97.7
   1978   5   15.4     6.0       0    53.1   178.5
   1978   6   17.0     8.5       0    32.8   150.6
   1978   7   17.8     9.8       0    61.4   139.2
   1978   8   17.7    10.7       0    92.7   105.2
   1978   9   16.6    10.0       0    51.4   110.1
   1978  10   14.5     8.3       0    20.3    89.8
   1978  11   10.7     4.7       5    24.7    64.7
   1978  12    4.7     0.1      14   195.5     9.7
   1979   1    2.4    -3.5      23    49.6    60.6
   1979   2    2.8    -1.1      18    30.6    49.2
   1979   3    6.4     0.9      13   166.0    90.6
   1979   4   10.0     3.4       1    44.7    92.5
   1979   5   12.8     4.6       4    96.5   150.3
   1979   6   17.8     9.1       0    49.3   166.2
   1979   7   19.6    11.0       0    25.3   160.4
   1979   8   18.0     9.8       0    67.3   122.4
   1979   9   16.7     8.4       0    39.2   152.2
   1979  10   13.5     7.5       0    54.5    84.3
   1979  11    9.4     2.8       7    69.1    80.4
   1979  12    6.9     2.4       8    91.0    46.5
   1980   1    4.0    -0.1      18    66.2    42.8
   1980   2    6.8     2.3       5    55.4    35.6
   1980   3    6.9     0.7       9    95.6    95.8
   1980   4   12.4     4.1       3    16.5   156.1
   1980   5   14.6     4.6       1    37.4   198.8
   1980   6   16.6     9.0       0   191.4   140.0
   1980   7   18.0    10.0       0    55.7   125.3
   1980   8   18.9    10.9       0    92.7   132.4
   1980   9   17.5    10.0       0    27.0   124.8
   1980  10   11.5     4.7       2    67.2    98.1
   1980  11    8.8     3.8       6    61.8    50.2
   1980  12    8.1     2.7       7    41.8    53.9
   1981   1    7.1     0.1      20    28.3    63.1
   1981   2    5.5     0.3      13    31.7    59.0
   1981   3    9.6     3.1       5   113.5    65.6
   1981   4   10.8     3.1       3    49.7   137.6
   1981   5   15.1     6.3       2    47.7   159.1
   1981   6   16.5     8.8       0    25.6   175.0
   1981   7   19.2    10.6       0    36.4   148.0
   1981   8   20.3    10.8       0    33.5   165.0
   1981   9   18.3     9.5       0   117.2   154.5
   1981  10   10.9     3.3       5    95.0   146.1
   1981  11   10.5     3.7       3    56.6    69.2
   1981  12    2.9    -3.3      21    58.1    57.5
   1982   1    4.8    -2.1      14    64.6    58.6
   1982   2    7.4     1.5       7    11.4    63.0
   1982   3    9.3     1.8       6    29.6   154.3
   1982   4   13.1     3.6       3    11.8   168.1
   1982   5   15.5     5.5       3    26.5   223.0
   1982   6   17.0     9.8       0   113.7   107.4
   1982   7   19.2    11.2       0    25.5   153.8
   1982   8   19.3    11.2       0    59.5   162.2
   1982   9   18.0     8.7       0    34.3   162.3
   1982  10   12.2     6.4       1    89.8    51.6
   1982  11    9.3     4.4       2    68.8    61.7
   1982  12    6.3     0.2      15    49.6    52.3
   1983   1    8.5     2.9       5    30.3    82.6
   1983   2    4.2    -1.2      17    52.3    75.6
   1983   3    9.0     2.9       2    58.6   103.2
   1983   4    9.3     2.0       8   102.6   119.0
   1983   5   12.1     5.5       0   102.4   104.4
   1983   6   17.0     8.7       0    38.4   165.5
   1983   7   22.9    12.6       0    20.2   195.6
   1983   8   21.1    11.4       0    41.9   189.2
   1983   9   16.1     9.1       0    61.4   117.1
   1983  10   13.2     6.2       3    36.2   124.1
   1983  11    9.2     4.2       6    33.0    53.3
   1983  12    8.1     2.2       7    98.1    48.5
   1984   1    4.8    -0.5      20    83.7    58.8
   1984   2    5.6     0.4      12    27.7    53.9
   1984   3    6.9     1.9       4    52.2    51.3
   1984   4   12.4     2.5       7    12.9   207.4
   1984   5   13.9     4.4       3    30.7   184.9
   1984   6   17.7     9.2       0    36.8   159.5
   1984   7   21.2    10.4       0    21.4   202.8
   1984   8   20.9    10.8       0    55.7   165.1
   1984   9   16.0     9.3       0    96.3    98.8
   1984  10   14.1     6.8       0    39.8   128.4
   1984  11    9.5     5.2       0   134.3    57.1
   1984  12    7.1     1.6       8    23.9    41.8
   1985   1    3.3    -1.5      22    82.0    37.0
   1985   2    5.5    -1.4      19     5.7    78.0
   1985   3    7.7     0.6      12    62.1   128.6
   1985   4   11.0     4.0       4    74.8   114.3
   1985   5   13.5     5.9       0    63.9   125.5
   1985   6   15.9     6.9       0    34.6   153.7
   1985   7   19.0    10.7       0    59.6   134.7
   1985   8   17.6    10.2       0    81.5   152.1
   1985   9   17.5     9.5       0    51.9   115.9
   1985  10   14.1     7.5       1    21.2   109.7
   1985  11    6.4     0.2      12    68.1    87.8
   1985  12    7.5     2.3      12    40.5    41.9
   1986   1    5.0    -0.3      14    63.1    63.8
   1986   2    1.8    -3.0      23    37.6    56.8
   1986   3    7.8     0.8      11    38.8   135.7
   1986   4    8.4     1.7       5   109.5   110.2
   1986   5   14.4     6.7       0    65.5   203.1
   1986   6   18.1     8.9       0    32.1   179.5
   1986   7   19.2    10.8       0    24.2   133.4
   1986   8   15.9     8.7       0   169.1   112.1
   1986   9   16.2     6.4       0    28.0   192.7
   1986  10   13.7     6.3       0    31.0   138.5
   1986  11   10.5     4.3       1    36.2    89.6
   1986  12    7.8     2.4       2    74.2    52.6
   1987   1    2.9    -1.5      18    39.1    52.1
   1987   2    6.5     0.2      12    34.7    69.7
   1987   3    7.2     0.5      14    81.2    99.6
   1987   4   13.5     5.0       0    59.4   155.2
   1987   5   13.3     4.9       0    42.7   163.7
   1987   6   15.1     7.7       0    92.4    89.4
   1987   7   19.0    11.1       0    84.9   143.4
   1987   8   18.3    11.1       0    53.7   117.2
   1987   9   16.7     8.6       0    46.2   168.5
   1987  10   11.8     5.1       3    99.6    86.9
   1987  11    8.9     3.4       3    61.3    54.3
   1987  12    8.2     3.0       7    34.7    25.4
   1988   1    7.0     1.3       7    79.8    54.5
   1988   2    7.5     1.4       7    34.4   112.8
   1988   3    9.1     1.7       9    54.5   114.3
   1988   4   11.6     3.8       5    26.0   126.2
   1988   5   14.8     5.9       0    58.0   174.3
   1988   6   18.4     9.4       0    16.2   189.5
   1988   7   17.9    10.4       0   115.1   163.3
   1988   8   19.3    10.2       0    46.0   199.5
   1988   9   16.6     8.5       0    44.3   162.6
   1988  10   13.0     6.7       3    75.8    98.8
   1988  11    9.0     2.0       6    64.7    87.8
   1988  12   10.1     4.4       0    27.9    62.7
   1989   1    9.5     3.1       2     7.2    66.8
   1989   2    8.6     2.1       9    47.6    90.0
   1989   3   10.8     2.2       7    20.7   131.3
   1989   4    9.7     2.3       5    50.3   136.9
   1989   5   16.5     6.3       0     7.7   246.0
   1989   6   19.0     8.0       0    52.1   224.0
   1989   7   22.5    11.2       0    10.1   237.2
   1989   8   20.2    10.7       0    61.5   202.7
   1989   9   18.0     8.7       0    11.7   126.7
   1989  10   14.7     6.9       0    48.5    94.2
   1989  11    9.2     2.9       7    34.8    74.2
   1989  12    6.6     0.5      11    63.7    25.5
   1990   1    8.7     2.1       6    72.6    63.7
   1990   2    9.6     3.1       5    60.4    81.4
   1990   3   12.1     4.2       4    14.1   141.0
   1990   4   12.7     2.3       6    10.1   212.7
   1990   5   16.6     5.8       0    42.1   195.9
   1990   6   17.3     8.1       0    46.3   113.6
   1990   7   20.6     9.7       0    30.9   223.3
   1990   8   22.3    11.8       0    52.8   214.2
   1990   9   16.5     7.7       0    43.2   124.8
   1990  10   13.8     7.8       0    78.7    78.0
   1990  11    9.2     3.5       4    53.1    54.3
   1990  12    7.2     1.6       4    93.3    46.0
   1991   1    5.5    -0.9      20    47.1    84.9
   1991   2    4.9    -0.8      20    80.0    52.3
   1991   3   10.8     3.6       2    60.8    68.2
   1991   4   11.1     3.1       4    27.7   156.4
   1991   5   14.4     6.2       0    19.3   124.3
   1991   6   15.7     6.8       1    53.9   152.2
   1991   7   21.0    11.4       0    43.9   181.6
   1991   8   21.3    11.1       0    21.2   191.9
   1991   9   18.1     7.5       1    24.3   155.8
   1991  10   12.6     5.8       1    50.0    78.3
   1991  11    9.1     1.6       8    60.0    62.2
   1991  12    7.8    -0.1      14    44.6    68.9
   1992   1    7.1     0.0      15    22.7    65.4
   1992   2    9.1     1.7       8    34.0   102.0
   1992   3   10.4     3.0       3    62.7    98.1
   1992   4   11.9     4.1       2    95.0   124.0
   1992   5   16.6     6.6       1    19.0   220.2
   1992   6   19.7     9.5       0    20.2   194.0
   1992   7   19.6    10.7       0    54.1   168.7
   1992   8   18.8     9.8       0    68.8   184.1
   1992   9   15.7     8.5       0    97.7   101.6
   1992  10   10.5     3.2       7    61.0    79.4
   1992  11    9.8     2.4       6    60.9    78.3
   1992  12    5.9     0.0      16    44.7    27.2
   1993   1    8.3     1.1      10    40.1    52.3
   1993   2    8.2     2.1       7    15.6    54.3
   1993   3   10.1     1.8       8    10.1   126.6
   1993   4   11.8     4.4       2    94.9   110.8
   1993   5   14.3     5.8       0    92.7   133.0
   1993   6   18.1     8.9       0    31.4   162.4
   1993   7   18.6    10.2       0    42.0   162.9
   1993   8   18.6     9.1       0    89.4   162.1
   1993   9   15.2     7.7       0   117.6    86.2
   1993  10   11.0     4.2       5    73.6    88.2
   1993  11    5.9     0.7      12    64.6    34.5
   1993  12    6.3     1.0      15    77.7    67.3
   1994   1    6.5     1.0      12    70.8    72.6
   1994   2    4.7    -1.3      15    53.4    56.1
   1994   3   10.0     3.0       3    31.7   142.6
   1994   4   11.0     3.4       4    37.8   169.4
   1994   5   12.9     5.0       1    45.9   157.8
   1994   6   17.7     9.0       0    22.2   205.9
   1994   7   21.3    10.6       0    44.2   183.4
   1994   8   18.4    10.0       0    49.1   141.2
   1994   9   15.3     7.6       0    69.2   116.6
   1994  10   12.6     5.0       1    58.7    98.9
   1994  11   11.5     5.2       2    61.9    58.8
   1994  12    8.1     2.4       7    66.7    60.5
   1995   1    5.9     0.3      14    75.2    59.4
   1995   2    8.3     2.6       4    62.1    93.7
   1995   3    8.1     0.9      14    39.5   160.8
   1995   4   12.3     3.6       8    27.5   173.4
   1995   5   15.3     5.8       2    31.2   186.8
   1995   6   17.3     8.3       0    16.2   174.2
   1995   7   21.6    11.7       0    24.5   209.9
   1995   8   23.1    11.3       0    14.2   249.8
   1995   9   16.7     8.7       0    86.2   122.5
   1995  10   15.6     8.0       2    25.2   122.9
   1995  11   10.0     4.0       5   116.1    48.4
   1995  12    4.5    -0.9      15    87.6    30.1
   1996   1    5.1     1.9       5    29.9     7.6
   1996   2    5.7    -0.7      19    66.7    90.4
   1996   3    5.4     1.2       9    25.9    29.3
   1996   4   11.5     3.7       8    33.8   110.4
   1996   5   12.6     3.9       3    36.0   190.3
   1996   6   18.2     7.9       0     8.6   217.0
   1996   7   20.1    10.2       0    46.8   182.0
   1996   8   20.7    10.6       0    71.8   179.6
   1996   9   16.4     8.8       0    24.6   103.7
   1996  10   14.3     6.9       0    36.3   107.4
   1996  11    7.9     1.8      13    77.3    87.6
   1996  12    5.1     0.4      13    62.5    39.5
   1997   1    5.3    -0.3      19    13.8    44.7
   1997   2    9.0     2.2       3    71.6    96.8
   1997   3   11.8     3.9       4    12.4   146.7
   1997   4   12.7     4.1       4     5.8   135.5
   1997   5   14.6     4.9       4    54.5   195.9
   1997   6   16.0     9.0       0   174.4   103.4
   1997   7   20.8    11.1       0    67.0   209.4
   1997   8   22.0    12.3       0    48.1   186.2
   1997   9   17.2     8.0       0    11.3   171.2
   1997  10   13.1     5.4       3    31.7   120.2
   1997  11   10.2     5.0       2    68.2    33.0
   1997  12    7.9     2.7       4    82.8    26.6
   1998   1    6.8     1.4       6    92.0    44.2
   1998   2   10.9     4.3       5     6.1    83.2
   1998   3   11.0     3.1       7    59.3    90.3
   1998   4   10.6     3.4       5   151.0   118.0
   1998   5   16.3     7.3       0    71.8   175.9
   1998   6   16.8     9.1       0    97.8   127.0
   1998   7   18.5    10.5       0    52.6   136.5
   1998   8   18.7    11.0       0    44.9   158.6
   1998   9   16.7    10.3       0    53.4    88.9
   1998  10   12.8     5.9       1    96.9   119.8
   1998  11    8.3     1.7       6    64.9    76.1
   1998  12    7.8     1.5       8    27.3    40.7
   1999   1    7.7     1.6       6    57.5    68.5
   1999   2    8.2     1.4      10    15.6   108.5
   1999   3    9.9     3.1       2    92.7   105.0
   1999   4   12.6     4.0       6    42.5   147.6
   1999   5   15.8     7.6       0    50.2   149.5
   1999   6   16.7     8.3       0    67.2   144.3
   1999   7   20.8    11.5       0    12.1   201.2
   1999   8   19.0    10.8       0    81.3   146.2
   1999   9   19.6    10.2       0    52.0   173.0
   1999  10   13.6*    6.1*      1*   42.6*    ---
   1999  11   10.3*    4.3*      3*   46.8*    ---
   1999  12    6.3     0.7      13    64.1*    ---
   2000   1    7.9     1.9       6    35.1*    ---
   2000   2    8.7     2.4       6    29.5*    ---
   2000   3   10.8     3.6       4    21.0     ---
   2000   4   11.0     3.4       5   149.8     ---
   2000   5   15.2     6.5       0    46.0     ---
   2000   6   17.2     9.4       0    89.4     ---
   2000   7   17.8    10.4       0    49.4     ---
   2000   8   20.2    10.9       0    43.8     ---
   2000   9   17.3     9.7       0    84.2     ---
   2000  10   13.0     6.0       1   119.2     ---
   2000  11    8.8     3.4       0   148.4     ---
   2000  12    6.8     2.3      11    72.4     ---
   2001   1    5.7     0.1      15    46.2     ---
   2001   2    7.4    -0.4      16   103.6     ---
   2001   3    7.5     0.1      11    43.4     ---
   2001   4   10.5     3.0       3    59.8     ---
   2001   5   16.7     6.4       0    15.0     ---
   2001   6   16.8     8.9       0    38.2     ---
   2001   7   20.1    12.0       0    13.2     ---
   2001   8   20.3    11.7       0    76.3*    ---
   2001   9   16.0     9.7       0    74.7*    ---
   2001  10   15.7     9.9       0    77.1*    ---
   2001  11   11.0     4.2       3    35.8     ---
   2001  12    6.0     0.3      17    54.4     ---
   2002   1    7.5     1.5      12    37.0     ---
   2002   2    9.3     2.8       4    83.6     ---
   2002   3   11.1     2.8       4    37.4     ---
   2002   4   13.3     4.1       4    19.4     ---
   2002   5   15.1     7.6       0    53.0     ---
   2002   6   17.5     9.9       0    47.0     ---
   2002   7   19.3    10.6       0    79.6     ---
   2002   8   20.5    12.7       0    91.2     ---
   2002   9   17.4     9.5       0    25.2     ---
   2002  10   12.4     5.4       3    86.0     ---
   2002  11    9.6     4.6       1    83.8     ---
   2002  12    6.4     3.5       4    92.2     ---
   2003   1    7.0     2.2       9    62.0     ---
   2003   2    6.8    -0.7      17    18.0     ---
   2003   3   12.1     2.0       8    17.6     ---
   2003   4   14.0     4.3       5    24.0     ---
   2003   5   15.8     7.7       0    44.4     ---
   2003   6   19.6    10.9       0    61.0     ---
   2003   7   20.4    12.8       0    50.4     ---
   2003   8   21.0    12.2       0    15.9     ---
   2003   9   18.3     8.9       0    41.1     ---
   2003  10   12.8     5.0       2    41.5*    ---
   2003  11   10.5     4.4       4    45.7*    ---
   2003  12    7.7     0.9      14    65.0     ---
   2004   1    7.6     2.4       7    97.0     ---
   2004   2    8.8     3.0       8    29.0     ---
   2004   3   10.4     2.9       4    24.5     ---
   2004   4   13.1     5.9       1    54.4     ---
   2004   5   16.5*    6.2*      0*   21.8     ---
   2004   6   18.7    10.1       0    67.6     ---
   2004   7   19.1    10.9       0    62.8     ---
   2004   8   20.0    12.5       0   155.8     ---
   2004   9   17.6     9.7       0    19.8     ---
   2004  10   12.6     6.6       0   120.2     ---
   2004  11   10.0     4.3       6    18.2     ---
   2004  12    8.3     1.7      10    19.8     ---
   2005   1    8.4     2.7       6    35.6     ---
   2005   2    6.9     1.3       9    41.5     ---
   2005   3    9.7     3.7       6    44.8     ---
   2005   4   11.7     4.1       1    82.0     ---
   2005   5   14.9     6.2       1    20.4     ---
   2005   6   18.6    10.0       0    36.2     ---
   2005   7   19.7    11.7       0    72.6     ---
   2005   8   20.2*   10.5*      0*   38.0     ---
   2005   9   18.7*    9.7*      0*   63.8     ---
   2005  10   14.6     8.9       0    74.6     ---
   2005  11    9.4     2.4      11    71.6     ---
   2005  12    7.3     1.2      10    37.8     ---
   2006   1    6.3     1.3       9    20.6     ---
   2006   2    7.0     1.1       9    44.2     ---
   2006   3    6.7     0.8      14    79.2     ---
   2006   4   12.0     3.9       3    24.0     ---
   2006   5   15.1     6.3       1    84.4     ---
   2006   6   19.7     9.9       0    13.0     ---
   2006   7   24.2    12.4       0    10.0     ---
   2006   8   19.2    11.5       0    57.4     ---
   2006   9   20.0    11.8       0    35.0     ---
   2006  10   15.5     8.6       0    53.2     ---
   2006  11   11.0     4.5       1   125.5     ---
   2006  12    7.6     2.2       9    77.4     ---
   2007   1    9.5     3.1       5    56.2     ---
   2007   2    8.5     2.1       8    70.0     ---
   2007   3   10.2     3.3       4    20.8     ---
   2007   4   15.4     6.0       0    11.4     ---
   2007   5   14.8     6.9       0    50.0     ---
   2007   6   17.4     9.9       0   118.8     ---
   2007   7   19.0    10.9       0   100.2     ---
   2007   8   19.2    10.6       0    30.6     ---
   2007   9   17.4     8.8       0    39.4     ---
   2007  10   14.2     6.1       3    13.0     ---
   2007  11   10.4     3.9       3    61.2     ---
   2007  12    6.5     1.1      14    52.6     ---
   2008   1    7.9     2.8       7   113.2     ---
   2008   2    8.9     0.7      11    13.4     ---
