Lerwick
Location: 4453E 11397N, 82 metres amsl
Estimated data is marked with a * after the value.
Missing data (more than 2 days missing in month) is marked by  ---.
Sunshine data taken from an automatic Kipp & Zonen sensor marked with a #, otherwise sunshine data taken from a Campbell Stokes recorder.
   yyyy  mm   tmax   tmin      af    rain     sun
              degC   degC    days      mm   hours
   1930  12   7.0     3.6     ---   122.4    13.1
   1931   1   4.9     0.2      13   108.0    29.7
   1931   2   4.4    -0.3      12   138.3    52.6
   1931   3   4.2    -1.0      17    18.2   135.7
   1931   4   8.1     2.5       1    70.9   134.7
   1931   5  10.7     5.3       0    67.6   122.7
   1931   6  11.4     5.7       1    54.5   175.2
   1931   7  13.7     9.1       0    93.0    67.1
   1931   8  13.9     8.0       0     9.3   163.8
   1931   9  11.8     6.6       0    30.7   119.7
   1931  10   9.8     4.5       5    87.4    77.8
   1931  11   9.2     6.1       0   137.1    31.3
   1931  12   7.2     2.7       4   138.6     4.8
   1932   1   7.7     2.6       4   110.8    26.8
   1932   2   7.4     2.7       2    20.5    59.5
   1932   3   6.0     1.3       9    81.4    72.1
   1932   4   7.4     1.1       7    96.6   131.5
   1932   5  10.6     4.7       0    43.2   184.7
   1932   6  12.3     6.7       0    38.0   201.8
   1932   7  14.6     9.7       0    75.5   122.8
   1932   8  14.3     9.4       0    86.3    89.6
   1932   9  11.8     6.5       0   136.1    96.0
   1932  10   8.7     3.9       2   100.5    73.0
   1932  11   8.1     3.5       2    92.2    40.4
   1932  12   7.3     3.0       5    72.9    19.2
   1933   1   6.2     2.5       2   136.0    19.9
   1933   2   4.4    -0.6      17    76.9    34.0
   1933   3   7.6     2.9       2    84.6    96.5
   1933   4   7.9     2.5       3    64.3    86.7
   1933   5  10.3     5.2       0    20.5    74.5
   1933   6  15.1     9.0       0    29.5   229.8
   1933   7  16.1    11.2       0    42.9   141.2
   1933   8  15.6    10.6       0    86.1   123.1
   1933   9  14.2     8.9       0    60.5   122.4
   1933  10  10.6     5.9       0   123.6    67.9
   1933  11   7.8     4.0       0    89.9    35.6
   1933  12   7.2     3.9       0    63.4     7.3
   1934   1   7.1     2.8       2   129.9    15.5
   1934   2   7.6     3.2       3    86.1    33.0
   1934   3   6.3     1.5       5    84.1   102.4
   1934   4   7.8     2.6       1    83.3   120.8
   1934   5  10.1     4.6       1    85.7   185.0
   1934   6  13.3     7.2       0    34.8   181.0
   1934   7  15.2    10.8       0    54.4    78.8
   1934   8  15.1    11.0       0    89.1   130.2
   1934   9  13.5     9.2       0   105.4   131.3
   1934  10   9.9     5.3       1   154.9    78.0
   1934  11   7.5     3.2       1    77.0    37.4
   1934  12   7.8     5.4       1   129.2     5.3
   1935   1   6.3     2.6       6    88.3    21.3
   1935   2   5.2     0.4      12   116.9    50.5
   1935   3   7.5     3.0       2    96.0   115.8
   1935   4   7.8     2.5       6    56.3   112.8
   1935   5  10.1     4.4       2    24.2   155.5
   1935   6  12.2     7.1       0    52.1   111.8
   1935   7  14.1     8.9       0   143.5   162.8
   1935   8  14.6    10.3       0   108.9    94.9
   1935   9  12.7     8.7       0   121.7    82.9
   1935  10   9.2     5.5       1   165.6    43.6
   1935  11   8.0     4.9       0    93.5    32.5
   1935  12   5.1     1.4       8   153.9    22.6
   1936   1   4.1     0.1      13   111.3    25.1
   1936   2   4.7     0.6       8    90.5    29.2
   1936   3   6.4     2.0       7    62.0    62.1
   1936   4   7.4     1.4       8    37.1   165.0
   1936   5  11.0     5.1       0    27.4   216.6
   1936   6  14.0     7.0       0    25.7   239.7
   1936   7  16.0    10.8       0   111.5   144.6
   1936   8  14.9    10.7       0    63.1    86.7
   1936   9  13.4     8.9       0    57.6    98.0
   1936  10  10.3     5.8       0   107.5    75.9
   1936  11   8.2     3.9       0    75.6    27.1
   1936  12   6.9     2.2       5   105.4     7.3
   1937   1   5.4     2.1       6   149.0    12.1
   1937   2   4.4     0.2      11   101.6    58.8
   1937   3   4.1    -0.9      20    67.6   127.3
   1937   4   8.7     3.7       0    42.7   116.8
   1937   5  11.4     5.9       0    55.0   129.1
   1937   6  12.5     7.1       0   117.7   139.2
   1937   7  14.0     9.6       0    48.5    65.6
   1937   8  14.6     9.6       0    47.4   122.6
   1937   9  12.7     7.8       0    67.4    89.6
   1937  10  11.0     7.2       0    91.7    59.1
   1937  11   7.1     3.1       5    61.7    38.1
   1937  12   5.1     1.6       5   102.3    15.3
   1938   1   6.5     2.2       7   154.4    14.5
   1938   2   5.9     1.9       3    60.9    36.6
   1938   3   8.2     3.7       2   101.3    59.3
   1938   4   8.7     3.3       6    39.5   102.6
   1938   5   9.6     4.2       3   108.2   124.6
   1938   6  12.2     7.4       0   105.0   136.2
   1938   7  14.1     9.5       0    71.7   121.9
   1938   8  15.6     9.8       0    40.8   228.5
   1938   9  13.0     8.2       0    61.2    90.9
   1938  10  10.7     6.7       0   175.3    64.2
   1938  11   8.2     4.3       0   157.4    21.3
   1938  12   6.2     2.6       4   122.5     4.4
   1939   1   4.7     0.2      11   137.6    42.8
   1939   2   7.1     3.2       2    90.8    43.9
   1939   3   7.2     2.4       3    76.4    89.7
   1939   4   8.2     2.5       4    68.7   163.6
   1939   5  10.9     5.5       0    27.7   115.3
   1939   6  13.3     7.2       0    41.2   213.9
   1939   7  13.5     9.6       0    93.3    73.4
   1939   8  15.3    10.6       0    75.2   127.0
   1939   9  13.7     9.2       0    32.0   103.8
   1939  10   9.5     4.5       0    53.8   109.3
   1939  11   7.8     3.4       4   127.9    25.7
   1939  12   5.7     1.8      10    62.8    13.9
   1940   1   3.9    -0.4      16    39.8    27.6
   1940   2   4.2    -0.2      18    56.1    48.5
   1940   3   5.3     0.4      13   126.1    74.0
   1940   4   7.3     2.1       4   111.8   115.6
   1940   5  11.5     5.9       0    41.8   216.0
   1940   6  14.5     8.8       0    28.7   157.7
   1940   7  13.8     8.8       0    41.9   132.3
   1940   8  13.2     8.3       0   101.3   105.7
   1940   9  11.4     6.9       0   120.2    73.5
   1940  10   9.9     6.0       0    63.3    63.6
   1940  11   7.5     2.6       4   139.8    40.2
   1940  12   6.0     1.9       3    93.8    13.2
   1941   1   3.1    -0.9      16    28.5    38.0
   1941   2   4.4    -0.4      12    89.4    55.9
   1941   3   5.6     0.5      10    39.7   114.3
   1941   4   7.3     1.7       5    39.5   113.7
   1941   5   9.7     3.9       3    44.2   148.6
   1941   6  12.7     7.4       0    25.9   153.6
   1941   7  15.2    10.3       0    63.2   104.4
   1941   8  14.5     9.2       0    55.8   121.5
   1941   9  13.3     8.8       0    64.3    75.1
   1941  10  10.5     5.4       1    69.6    69.6
   1941  11   7.3     3.8       0   141.9    18.4
   1941  12   7.3     2.9       6   128.6    13.4
   1942   1   3.5    -0.1      12   125.6    16.7
   1942   2   3.8    -0.4      13    52.4    47.5
   1942   3   4.2     0.1      15    56.8    58.7
   1942   4   9.2     3.0       1    32.1   184.5
   1942   5  10.3     4.8       0    89.2   139.7
   1942   6  11.9     7.0       0    57.8    95.1
   1942   7  13.7     9.3       0    68.1   104.1
   1942   8  13.9    10.2       0    64.5    69.4
   1942   9  12.6     8.2       0   122.7   100.5
   1942  10   9.6     5.2       0   145.4    72.2
   1942  11   7.9     3.9       6    83.4    24.0
   1942  12   7.4     3.2       8   140.0    12.4
   1943   1   5.6     1.6      10   115.7    24.5
   1943   2   7.4     2.2       6   105.6    46.1
   1943   3   8.0     3.6       3    75.2   100.4
   1943   4   8.7     3.9       3    97.1    97.6
   1943   5  10.8     5.8       0    81.6   151.9
   1943   6  12.7     8.3       0    28.8   114.8
   1943   7  14.5     9.2       0    83.9   176.7
   1943   8  13.7     8.6       0   101.4   152.0
   1943   9  13.0     8.4       0   116.7   118.7
   1943  10  11.3     8.1       0    80.3    50.5
   1943  11   7.5     3.3       2   129.8    42.7
   1943  12   7.1     2.9       2    81.7     7.9
   1944   1   6.4     1.6       9   116.2    16.2
   1944   2   5.6     1.1       7    70.9    60.5
   1944   3   6.1     0.9      12    61.6    86.5
   1944   4   7.8     3.7       2    67.3    64.2
   1944   5   9.6     5.1       0    68.8   119.1
   1944   6  12.2     7.4       0    68.2   100.9
   1944   7  14.4    10.1       0    50.3    91.1
   1944   8  14.8    10.3       0    47.1   122.2
   1944   9  12.4     7.7       0    63.2   109.5
   1944  10  10.0     6.3       0   112.0    61.7
   1944  11   6.5     2.0       4   115.9    27.9
   1944  12   5.8     1.9       6   117.0    11.3
   1945   1   3.2    -1.5      25    93.6    33.9
   1945   2   6.7     2.2       5   106.4    50.2
   1945   3   8.4     4.2       3    70.2    88.5
   1945   4   8.5     3.8       2    89.3   121.1
   1945   5  10.8     5.5       0   109.8   170.3
   1945   6  12.8     8.1       0    52.6   150.3
   1945   7  15.0     9.8       0    47.8   104.2
   1945   8  14.9    10.1       0    78.4    80.5
   1945   9  13.8     9.2       0    73.6   138.2
   1945  10  11.4     8.0       0    90.8    29.4
   1945  11   9.3     5.2       0    76.1    36.7
   1945  12   6.9     2.6       5   115.9    13.7
   1946   1   6.5     2.6       4   120.2    37.3
   1946   2   5.1     0.5       9    93.9    59.3
   1946   3   6.7     1.6       8    83.1   105.9
   1946   4   9.1     3.4       0    90.0   110.7
   1946   5  11.1     5.2       0    26.1   171.0
   1946   6  12.4     7.9       0   108.4   139.4
   1946   7  14.7    10.3       0    90.3   109.7
   1946   8  14.5     9.8       0   113.4   149.7
   1946   9  13.6     9.4       0   102.8   114.9
   1946  10  10.2     6.4       0    29.2    59.9
   1946  11   8.2     4.2       2   147.8    30.3
   1946  12   6.6     3.1       0   150.2    14.1
   1947   1   5.3     1.1       6    95.8    14.8
   1947   2   1.5    -2.2      25    67.9    51.9
   1947   3   2.9    -2.4      19    49.2   103.7
   1947   4   7.9     2.5       6   107.8   146.8
   1947   5  11.5     6.3       0    15.3   221.9
   1947   6  13.0     7.9       0    61.1   132.8
   1947   7  16.1    10.7       0    39.5   228.0
   1947   8  17.2    11.5       0     0.7   172.4
   1947   9  13.7     8.5       0   124.2   144.9
   1947  10  10.9     6.6       0    66.3    55.7
   1947  11   6.7     2.6       5   135.1    41.5
   1947  12   6.7     2.4       5    94.1     9.7
   1948   1   4.5     0.4      11   121.7    28.9
   1948   2   6.0     2.0       2    89.9    40.1
   1948   3   8.3     3.3       1    68.1   107.8
   1948   4   8.8     3.5       2    76.5   147.6
   1948   5  10.8     4.0       2    46.9   271.5
   1948   6  12.4     7.3       0    48.2   119.5
   1948   7  13.4     8.8       0    81.9   119.5
   1948   8  13.0     8.6       0    55.0    75.4
   1948   9  12.3     7.8       0   143.3   106.0
   1948  10   9.1     4.6       4   147.1    86.4
   1948  11   8.4     3.7       4   111.4    41.2
   1948  12   7.7     4.6       1   145.7     9.0
   1949   1   6.6     0.8      10   165.1    15.4
   1949   2   6.8     2.3       5    90.7    54.7
   1949   3   5.2     0.7      15    89.5    91.2
   1949   4   8.9     3.2       3    82.6   136.7
   1949   5  10.2     5.1       0    35.3   135.6
   1949   6  12.5     7.2       0    28.1   220.4
   1949   7  14.7     9.6       0    42.9   149.3
   1949   8  13.9     9.7       0    65.5    89.4
   1949   9  13.9    10.1       0    70.9    79.1
   1949  10  11.1     7.1       0   113.1    73.4
   1949  11   9.0     5.0       0   169.4    29.2
   1949  12   6.0     1.5       5   147.5    29.3
   1950   1   6.4     3.3       1   105.2    20.8
   1950   2   4.9     0.6       7   129.3    60.1
   1950   3   7.3     3.1       4    85.4    86.1
   1950   4   7.8     2.6       4    68.8   179.1
   1950   5  10.8     5.1       1    35.6   216.3
   1950   6  13.0     8.1       0   101.7   129.8
   1950   7  14.8     9.9       0    88.5   216.2
   1950   8  15.4    10.8       0   110.9   153.9
   1950   9  12.8     8.0       0   141.7   128.6
   1950  10  10.0     6.1       0   155.7    52.4
   1950  11   6.8     2.4       4   126.4    50.0
   1950  12   3.5    -0.9      19    82.9    24.3
   1951   1   5.0     1.1       5   131.8    21.9
   1951   2   5.1     0.8       5   143.6    42.9
   1951   3   4.5    -0.2      15    62.6    79.0
   1951   4   6.4     1.0       9   111.8   135.1
   1951   5   9.8     4.0       1     7.5   232.0
   1951   6  11.7     5.9       1    35.5   159.9
   1951   7  13.0     8.4       0   100.8    85.4
   1951   8  13.9     9.5       0   135.3   100.7
   1951   9  12.9     8.6       0    65.5    96.9
   1951  10  11.0     7.3       1    62.9    53.3
   1951  11   8.4     4.3       4   152.0    22.7
   1951  12   6.7     2.0       8   176.4    12.9
   1952   1   3.9    -1.2      17   117.9    39.4
   1952   2   4.7     0.5      12    52.0    42.1
   1952   3   6.3     2.0       5   156.1    84.1
   1952   4   9.5     3.5       3    45.1   153.1
   1952   5  10.2     6.1       0    97.3    76.7
   1952   6  11.3     6.3       0    92.9   103.7
   1952   7  13.7     8.6       0    46.2   116.7
   1952   8  13.4     8.9       0   136.1   106.1
   1952   9  10.6     5.9       0   102.3   102.2
   1952  10   9.2     5.3       0    95.2    87.2
   1952  11   5.5     1.7       7    73.1    42.4
   1952  12   5.9     1.7       7   147.1    11.3
   1953   1   6.7     2.1       8   106.7    19.4
   1953   2   5.7     0.4      13   102.6    60.8
   1953   3   8.0     3.2       1    46.3   111.1
   1953   4   7.6     1.5       8    73.3   162.3
   1953   5  10.2     5.5       0    48.5   127.9
   1953   6  13.3     8.2       0    18.0   129.6
   1953   7  14.7    10.2       0   127.1   123.9
   1953   8  14.6     9.9       0   116.9   115.1
   1953   9  13.4     9.0       0    84.3   112.7
   1953  10  11.3     7.5       0    89.2    68.7
   1953  11   9.0     5.3       0   172.5    25.0
   1953  12   7.9     4.3       1   127.8    22.2
   1954   1   5.5     1.5       6    95.0     8.1
   1954   2   4.4     0.6       8   137.9    44.8
   1954   3   6.1     2.0       6    66.8    79.8
   1954   4   8.5     2.5       2    54.7   139.3
   1954   5  11.3     5.7       0    35.8   174.1
   1954   6  12.4     7.1       0   119.2   109.8
   1954   7  13.3     9.0       0    80.3   106.3
   1954   8  13.7     9.3       0    68.3   111.2
   1954   9  11.7     6.9       1   162.9   112.1
   1954  10   9.3     4.7       0   131.4    73.1
   1954  11   7.5     3.6       1   153.8    32.0
   1954  12   6.5     1.9       8   155.7    10.5
   1955   1   4.0    -0.1      11    85.8    17.9
   1955   2   2.5    -1.8      21    76.7    88.7
   1955   3   4.9     1.0       9    39.7    91.3
   1955   4   8.9     3.4       2    75.6   162.5
   1955   5   9.3     3.3       3    50.7   219.4
   1955   6  12.4     6.6       0    47.0   239.5
   1955   7  15.8    10.1       0    21.0   197.9
   1955   8  15.1    10.6       0    22.6    99.0
   1955   9  13.9     9.0       0    94.2   115.3
   1955  10   9.5     4.8       2   121.5    84.7
   1955  11   8.7     5.0       2    57.5    16.2
   1955  12   4.6     0.0      13   123.5    14.6
   1956   1   3.8    -0.7      18   132.4    19.4
   1956   2   4.7    -0.2      14    33.6    65.3
   1956   3   5.3     1.8       5    58.5    58.9
   1956   4   7.2     1.5       8    42.2   149.9
   1956   5  11.1     5.6       0    66.0   162.0
   1956   6  11.8     6.3       0    62.2   188.9
   1956   7  13.3     9.2       0    97.8   103.6
   1956   8  12.8     7.9       0    60.1   124.2
   1956   9  12.4     9.0       0    60.6    52.5
   1956  10   9.6     5.6       0   124.2    46.8
   1956  11   8.2     4.6       3    91.7    20.8
   1956  12   6.7     2.7       0   136.5    11.2
   1957   1   6.9     2.5       0   133.4    34.6
   1957   2   5.0     0.7       7   110.9    56.8
   1957   3   7.5     4.0       2   111.1    39.5
   1957   4   9.1     3.5       3    58.3   147.2
   1957   5  10.1     4.2       4    61.5   192.0
   1957   6  12.2     6.6       0    64.3   150.7
   1957   7  13.4     9.5       0    74.8    75.5
   1957   8  13.0     9.5       0    80.5    95.3
   1957   9  11.7     7.2       0   106.4   103.6
   1957  10  10.2     5.9       0   159.4    67.6
   1957  11   8.0     4.3       0   104.7    40.0
   1957  12   5.9     1.9       9   120.2    25.1
   1958   1   4.7     0.2      14   142.6    18.5
   1958   2   3.4    -1.0      18    58.7    57.2
   1958   3   3.8    -0.5      16    41.9   105.2
   1958   4   7.6     2.2       6    41.3   153.0
   1958   5   9.3     3.6       0    99.5   143.0
   1958   6  12.5     7.3       0    16.8   141.3
   1958   7  14.4     9.3       0    93.8   136.6
   1958   8  13.6     9.8       0    87.7    89.6
   1958   9  14.1    10.1       0   113.2   108.2
   1958  10  11.2     7.8       0   121.6    69.5
   1958  11   9.3     5.2       1    68.5    49.6
   1958  12   5.8     1.7       5    99.9    17.1
   1959   1   2.8    -1.9      22    96.1    41.5
   1959   2   6.6     2.4       3    31.4    35.1
   1959   3   7.5     3.7       1    40.9    98.1
   1959   4   8.9     4.4       0    76.4   115.2
   1959   5  11.0     5.5       0    37.3   171.4
   1959   6  13.2     7.8       0    68.5   236.6
   1959   7  14.9    10.4       0    57.9   133.9
   1959   8  14.6    10.1       0    52.4   101.7
   1959   9  13.9     8.8       0    33.8   121.9
   1959  10  11.7     8.0       0    96.8    67.6
   1959  11   8.7     4.5       0   142.4    37.7
   1959  12   6.9     3.1       0   184.5     9.5
   1960   1   5.0     0.6      14    55.9    43.1
   1960   2   4.8     0.5      14   132.0    62.1
   1960   3   6.3     3.1       3    21.5    68.0
   1960   4   8.6     4.0       0    73.8    85.8
   1960   5  11.9     6.3       0    38.7   174.6
   1960   6  13.8     8.9       0    70.5   129.6
   1960   7  14.5     9.6       0    34.3   159.9
   1960   8  14.7     9.8       0    26.2   120.6
   1960   9  13.6     8.8       0    75.8   123.2
   1960  10  10.1     6.5       0    75.1    63.3
   1960  11   7.7     3.8       2   127.6    30.4
   1960  12   6.3     2.0       5   117.6    28.2
   1961   1   5.2     1.6       8    84.3    22.0
   1961   2   6.7     2.5       5    84.2    38.5
   1961   3   8.0     3.1       5    96.2    72.9
   1961   4   7.6     3.2       6    74.0   115.6
   1961   5  10.1     5.3       0    61.2   117.6
   1961   6  12.5     7.5       0    82.8   152.3
   1961   7  13.7     9.3       0    54.6    86.3
   1961   8  14.3     9.6       0    54.0   123.4
   1961   9  13.4     9.2       0   119.0    87.8
   1961  10  11.1     7.9       0   175.2    61.6
   1961  11   7.4     3.5       3   128.9    34.7
   1961  12   4.5     0.3      16    76.9     9.4
   1962   1   6.0     1.9       2   169.9    25.7
   1962   2   5.8     0.9      11   116.0    30.2
   1962   3   3.7    -0.8      14   100.0    95.7
   1962   4   7.5     2.1       6    45.9   183.7
   1962   5   9.2     4.7       0    55.8   109.8
   1962   6  12.8     7.1       0    57.5   147.9
   1962   7  12.9     8.3       0    36.3    91.3
   1962   8  13.3     8.8       0   139.3   141.0
   1962   9  11.6     8.2       0   131.2    77.9
   1962  10  10.6     6.8       2    95.4    59.0
   1962  11   6.5     2.4       9    77.3    39.6
   1962  12   5.7     1.5      10   107.5    18.0
   1963   1   3.1    -1.4      17    39.8    37.1
   1963   2   3.6    -0.4      15    26.7    83.2
   1963   3   6.0     2.8       1    94.4    81.0
   1963   4   7.6     3.3       3    74.5    94.7
   1963   5  10.0     4.9       0    77.9   170.2
   1963   6  13.3     8.6       0    36.4   165.9
   1963   7  13.6     8.3       0    55.4   174.4
   1963   8  14.4     9.4       0    43.8   114.4
   1963   9  12.2     8.0       0   122.6    90.5
   1963  10  10.4     6.2       0   115.4    43.1
   1963  11   7.0     3.2       6   216.6    19.4
   1963  12   5.4     1.3       7    53.1    17.6
   1964   1   7.2     3.2       3    73.8    24.8
   1964   2   6.0     2.0       8    58.5    38.0
   1964   3   6.3     2.4       3    47.3    70.7
   1964   4   8.5     3.8       1    71.2    93.6
   1964   5  10.9     6.2       0    98.5   150.0
   1964   6  12.6     7.3       0    69.2   163.2
   1964   7  13.3     9.0       0   123.2   110.8
   1964   8  12.6     7.6       0   122.1    95.8
   1964   9  11.5     6.6       0    86.1   104.8
   1964  10   9.8     6.0       2    98.8    50.0
   1964  11   8.0     3.7       4   130.5    35.2
   1964  12   5.2     0.4      14   254.7    16.4
   1965   1   4.8     0.7      10   190.9    27.0
   1965   2   5.6     1.9       8    55.9    38.5
   1965   3   5.3     0.6      15    59.2    95.0
   1965   4   7.9     2.9       2    68.7   138.3
   1965   5   8.9     4.7       0    45.2    92.7
   1965   6  12.5     7.7       0    61.2   109.1
   1965   7  12.7     6.9       0    39.6   180.2
   1965   8  13.3     8.9       0    99.8   112.9
   1965   9  12.6     8.5       0   104.9    88.8
   1965  10  10.9     7.5       0   123.6    59.2
   1965  11   5.1     0.9      11    92.8    28.7
   1965  12   3.9    -0.6      16   194.7    22.0
   1966   1   4.2     0.6      10   106.6    14.9
   1966   2   3.8    -0.2      16    99.5    62.1
   1966   3   6.0     1.8      10   139.9    84.3
   1966   4   6.9     1.7       9    34.3   194.1
   1966   5  10.0     5.1       0   125.5   155.0
   1966   6  13.4     9.1       0    73.8   121.4
   1966   7  13.8     8.8       0    61.4   146.7
   1966   8  14.1     8.8       0    34.8   192.0
   1966   9  12.4     8.3       0    86.9    74.0
   1966  10  10.0     6.3       0   140.4    58.4
   1966  11   6.4     2.2       5   108.8    29.5
   1966  12   5.5     1.0      10   189.3    18.3
   1967   1   5.3     1.6       8   115.8    22.8
   1967   2   6.2     3.1       0   124.8    36.5
   1967   3   6.9     1.7       5   192.5    89.3
   1967   4   7.5     2.4       7   128.1   120.1
   1967   5   9.3     4.7       4    86.4   139.6
   1967   6  12.1     7.3       0    59.2   184.7
   1967   7  13.7     9.2       0    84.5   121.0
   1967   8  13.8     9.3       0    88.6    98.3
   1967   9  13.0     9.6       0   141.8    37.4
   1967  10   9.7     5.2       2   183.5    70.3
   1967  11   8.2     4.0       1   119.9    20.5
   1967  12   5.8     1.5      14   163.5    11.7
   1968   1   4.9    -0.5      17   143.0    27.8
   1968   2   3.6    -0.9      15   119.8    77.9
   1968   3   6.2     1.4       8   108.0    77.2
   1968   4   7.9     2.5       9    54.6   149.5
   1968   5   8.4     3.7       1    71.7   143.8
   1968   6  12.5     7.9       0    89.2   166.7
   1968   7  13.9     8.8       0    36.4   134.4
   1968   8  14.2     8.6       0    38.2   111.7
   1968   9  13.2     8.8       0    72.7    82.5
   1968  10  10.3     6.6       0   121.5    58.8
   1968  11   7.1     3.5       5    49.2    23.1
   1968  12   5.9     1.8       9    91.1     7.7
   1969   1   5.9     2.3       7   177.9    13.1
   1969   2   2.3    -2.6      22    92.5    60.7
   1969   3   4.0    -0.6      19    77.0    94.4
   1969   4   7.6     2.7       3    67.7   119.8
   1969   5   9.4     5.0       0    58.0   104.7
   1969   6  13.4     7.8       0    74.0   184.9
   1969   7  13.9     9.4       0   107.3   117.7
   1969   8  15.6    11.0       0    48.7   158.3
   1969   9  12.3     7.9       0   170.0    87.0
   1969  10  11.4     7.0       1    94.2    47.4
   1969  11   5.1     0.1      11   120.2    40.9
   1969  12   5.4     1.6       6   149.6    10.1
   1970   1   4.4     0.7      10   150.0    12.5
   1970   2   3.4    -1.5      16   134.6    71.8
   1970   3   4.6     0.3      17   145.6    72.0
   1970   4   7.0     1.4       7    53.8   181.8
   1970   5  10.6     5.8       0    47.3   123.4
   1970   6  13.9     8.2       0    64.7   230.8
   1970   7  12.9     8.4       0    91.8   126.0
   1970   8  14.1    10.3       0    50.3    74.3
   1970   9  12.4     8.4       0   133.1    82.4
   1970  10   9.7     5.4       1   186.7    54.5
   1970  11   6.7     2.4       3   158.6    46.0
   1970  12   6.4     2.5       5    84.1    23.6
   1971   1   6.1     2.2       6   160.4    10.6
   1971   2   6.6     2.7       2    89.6    40.8
   1971   3   6.3     1.8       6   118.0    90.7
   1971   4   8.2     3.0       2    60.8   152.1
   1971   5  11.1     6.8       0    89.7   178.6
   1971   6  11.5     6.4       0    29.9   181.3
   1971   7  13.7     8.6       0    47.0   146.3
   1971   8  14.1     9.1       0    58.2   126.0
   1971   9  13.1     8.3       0   108.0   123.6
   1971  10  10.7     6.0       2   126.5    93.4
   1971  11   6.9     2.0      11   189.3    28.4
   1971  12   7.9     3.7       2   165.8    11.3
   1972   1   5.3     2.3       2    82.1    14.8
   1972   2   5.7     2.3       2    77.1    39.6
   1972   3   6.7     2.8       2    67.9    69.0
   1972   4   8.3     3.6       0   119.9   112.1
   1972   5  10.4     6.1       0    44.7   108.9
   1972   6  12.0     7.2       0    78.7   164.6
   1972   7  14.1     8.9       0    25.6   150.3
   1972   8  13.2     9.0       0    92.9   121.3
   1972   9  11.7     7.1       0    42.9    83.8
   1972  10  10.8     6.9       0    83.6    58.9
   1972  11   7.3     3.0       5   230.9    40.5
   1972  12   7.5     4.1       0   114.6    11.2*
   1973   1   7.1     4.0       0    96.0    16.6
   1973   2   5.4     0.5      13   150.0    60.9
   1973   3   7.9     3.6       1    86.1    77.7
   1973   4   6.5     1.0      13   103.0   141.2
   1973   5   9.5     4.7       1    75.3   135.3
   1973   6  11.8     7.2       0    93.6   114.8
   1973   7  13.6     9.4       0    43.4   109.1
   1973   8  13.5     9.1       0   131.1   138.5
   1973   9  12.0     8.5       0   136.3    68.2
   1973  10   9.1     4.6       3    87.9    72.8
   1973  11   6.1     1.5      12   236.3    26.7
   1973  12   5.5     0.5      13   186.2    13.2
   1974   1   6.8     3.2       0   133.9    16.2
   1974   2   6.4     2.5       5    92.8    44.4
   1974   3   6.8     2.4       3    44.3   124.2
   1974   4   9.0     4.1       0     2.2   107.6
   1974   5  10.5     6.0       0    54.7   132.7
   1974   6  12.9     7.5       0    38.2   190.9
   1974   7  13.9     8.8       0    82.7   163.1
   1974   8  14.6     9.9       0    46.7   160.8
   1974   9  12.5     8.1       0    94.3   135.8
   1974  10   9.0     4.6       0    91.0    83.1
   1974  11   7.6     4.0       1   127.8    40.8
   1974  12   6.9     2.0       6   196.6    15.5
   1975   1   6.3     1.5       5   182.7    30.1
   1975   2   6.3     2.6       4    20.5    90.7
   1975   3   5.6     1.4       6    73.8   103.4
   1975   4   6.8     2.1       8   108.1   106.3
   1975   5   9.0     4.2       0    41.8   164.7
   1975   6  12.2     6.1       0    68.3   223.0
   1975   7  13.5     9.2       0    46.8   103.7
   1975   8  15.3    10.8       0    77.3   117.3
   1975   9  12.1     7.4       0   137.8   103.9
   1975  10  10.8     7.3       0    59.3    61.4
   1975  11   7.8     4.1       1   116.1    38.8
   1975  12   7.2     1.7       9   156.8     9.2
   1976   1   4.9     0.3      14   160.4    14.8
   1976   2   5.9     2.1       5    99.9    30.1
   1976   3   5.4     0.8      13   105.5    81.8
   1976   4   8.0     2.6       5    75.2   111.9
   1976   5  10.6     5.5       1    40.2   158.0
   1976   6  13.2     8.2       0    64.3   129.5
   1976   7  14.9    10.3       0    41.3   159.0
   1976   8  15.3    10.1       0    25.4   165.1
   1976   9  11.6     7.5       0    46.8   102.1
   1976  10  10.7     7.4       0   133.5    58.9
   1976  11   8.2     4.1       2   143.0    50.3
   1976  12   4.0     0.2      13    85.9    21.6
   1977   1   4.6     0.5      13   121.9    36.5
   1977   2   4.5     0.6      10    66.4    64.9
   1977   3   6.8     2.9       5   114.5    73.6
   1977   4   6.8     1.6       8    93.2   158.7
   1977   5  10.2     4.5       1    46.4   196.8
   1977   6  11.5     6.6       0    55.1   112.6
   1977   7  13.7     8.9       0    50.0   102.5
   1977   8  14.3     8.9       0    68.4   180.6
   1977   9  11.5     7.0       0   121.4   109.8
   1977  10  10.8     7.6       0   115.7    37.1
   1977  11   6.9     2.6       4   148.1    29.9
   1977  12   7.2     3.4       2   146.8    12.9
   1978   1   4.8     0.6      12   155.6    19.5
   1978   2   3.3    -0.6      14    85.4    65.6
   1978   3   6.5     2.0       5    88.7   108.6
   1978   4   6.8     1.8       7    22.7   156.4
   1978   5  10.9     5.5       0    40.3   172.6
   1978   6  12.4     7.8       0    66.8   131.9
   1978   7  12.5     8.1       0    65.2    84.6
   1978   8  13.4     9.3       0    24.2    83.5
   1978   9  12.0     7.6       0   160.9    83.7
   1978  10  10.7     6.2       0    98.6    65.5
   1978  11   8.2     3.4       5   170.5    31.1
   1978  12   4.7     1.9       6    62.9     8.4
   1979   1   3.0    -1.4      20   133.3    16.1
   1979   2   3.0    -0.9      17    54.7    62.2
   1979   3   4.7     0.2      11   175.4    91.3
   1979   4   7.2     2.9       1   128.0   105.1
   1979   5   8.3     3.5       4   117.2   117.7
   1979   6  12.0     7.6       0    89.0   122.7
   1979   7  12.6     8.4       0    74.3    96.2
   1979   8  13.3     8.7       0   130.9    93.1
   1979   9  11.9     7.1       0   179.8   105.6
   1979  10  10.2     6.9       0   111.5    41.3
   1979  11   7.0     2.5       3   199.7    48.7
   1979  12   5.6     1.9       6   157.0    17.9
   1980   1   4.3     0.9       9    89.5    23.7
   1980   2   5.2     1.4       9    90.7    36.4
   1980   3   5.0     1.0       8    88.7    52.9
   1980   4   8.5     3.3       4    36.6   157.6
   1980   5  10.5     5.0       0    10.4   216.1
   1980   6  13.4     8.8       0    47.1   131.6
   1980   7  14.2     9.6       0    29.1    93.9
   1980   8  13.6    10.0       0    68.6    53.3
   1980   9  13.1     9.1       0   162.7    81.0
   1980  10   8.5     4.4       2   104.1    81.0
   1980  11   6.6     2.6       7   151.5    18.2
   1980  12   6.2     1.8       7   193.7     8.0
   1981   1   5.0    -0.6      17   155.9    14.2
   1981   2   5.0     1.1       8    80.5    42.7
   1981   3   6.2     1.6       5   139.3    74.6
   1981   4   7.5     2.6       5    51.0   136.5
   1981   5  10.0     5.5       0    56.0   108.8
   1981   6  11.9     7.2       0    82.5   136.3
   1981   7  13.7     9.0       0    38.3    89.7
   1981   8  14.1     9.5       0    66.5    91.2
   1981   9  13.4     9.9       0   134.7    70.6
   1981  10   8.0     3.7       1   247.8    59.8
   1981  11   6.9     2.6       2   235.5    22.9
   1981  12   3.1    -1.5      22   116.1    11.5
   1982   1   4.7     0.8      12    86.6    22.3*
   1982   2   6.3     2.6       1    46.9    51.2*
   1982   3   6.7     2.7       1   134.5   108.5*
   1982   4   8.3     3.5       6    37.3   110.4
   1982   5  11.0     4.8       2    82.1   221.4
   1982   6  12.5     7.4       0     9.5   150.3
   1982   7  14.5     9.6       0    74.4   132.5
   1982   8  14.3     9.8       0   141.1   115.6
   1982   9  12.3     7.5       0   181.3    97.0
   1982  10  10.5     7.0       0   113.6    40.7
   1982  11   7.9     3.8       4   187.2    18.9
   1982  12   5.8     1.5       9   120.8     4.0
   1983   1   6.6     1.7       8   202.0    18.5
   1983   2   4.5     0.5      12    60.5    23.2
   1983   3   6.6     1.9       6   133.0    70.4
   1983   4   6.6     2.0       4    80.6    98.5
   1983   5   9.5     5.4       0    35.0    75.2
   1983   6  12.2     7.1       0    70.9   168.1
   1983   7  14.2     9.6       0    69.3   138.9
   1983   8  13.9     9.7       0    63.8    88.5
   1983   9  11.7     7.9       0   114.3    51.1
   1983  10  10.2     5.5       0   211.7    53.5
   1983  11   8.2     3.9       6    90.1    10.5
   1983  12   6.9     2.3       5   186.9     9.0
   1984   1   3.9    -0.8      20   142.1    26.4
   1984   2   5.8     2.4       5    90.2    27.6
   1984   3   5.3     1.0       9    81.5    75.3
   1984   4   8.2     3.0       3    74.6   137.4
   1984   5  10.2     4.9       0    26.8   134.7
   1984   6  12.4     7.9       0    51.8   123.5
   1984   7  14.0     9.7       0    35.5    72.6
   1984   8  15.4    10.0       0    34.3   179.3
   1984   9  12.2     8.3       0   147.2    68.9
   1984  10  11.0     6.1       0   173.1    94.4
   1984  11   8.1     4.8       1   110.4    21.5
   1984  12   7.7     3.9       0   122.7     5.2
   1985   1   4.3    -0.3      15    67.1    32.4
   1985   2   5.2     0.9      10    69.9    54.3
   1985   3   5.5     1.1      10    94.0    95.3
   1985   4   7.4     2.3       4   146.5   111.6
   1985   5   9.7     4.8       0    57.4   142.9
   1985   6  12.1     6.9       0    15.0   130.3
   1985   7  14.5     9.6       0    54.8   138.2
   1985   8  14.6    10.1       0   110.9   150.8
   1985   9  12.0     6.9       0    70.2   132.0
   1985  10  11.2     7.4       0    68.7    78.2
   1985  11   5.3     0.8      12   176.5    38.1
   1985  12   5.6     0.9      12   156.3    21.7
   1986   1   4.2    -0.2      14   148.9    27.1
   1986   2   3.9    -0.3      17    10.8    92.4
   1986   3   6.4     2.5       1   125.7    80.1
   1986   4   7.0     1.6       5    35.5   155.2
   1986   5  10.7     6.1       0   105.7   135.6
   1986   6  12.7     7.7       0    38.2   148.4
   1986   7  13.6     9.2       0    74.9   107.8
   1986   8  13.3     8.9       0    77.0   130.1
   1986   9  11.1     6.7       0   133.1   114.0
   1986  10  10.0     6.1       0   156.1    67.3
   1986  11   8.2     3.8       2   182.3    20.2
   1986  12   6.1     1.9       3   194.4    15.7
   1987   1   4.2     0.6      10   123.6    24.5
   1987   2   4.7     0.5      12    50.6    73.4
   1987   3   4.7     0.6      11   188.4    81.0
   1987   4   9.3     4.5       0    37.0    80.6
   1987   5   9.9     4.3       0    39.8   176.3
   1987   6  11.4     6.3       0    55.7   118.3
   1987   7  14.2     9.7       0    43.5   116.3
   1987   8  13.9     9.4       0    78.0   138.8
   1987   9  12.7     7.9       0    96.5   152.1
   1987  10  10.2     6.7       0   245.5    58.2
   1987  11   8.0     4.1       1   113.3    33.5
   1987  12   7.5     3.7       1    94.2    10.6
   1988   1   5.9     1.9       8   104.0    33.7
   1988   2   5.7     1.5       7   142.6    57.6
   1988   3   5.5     0.8      12   131.8    98.8
   1988   4   7.1     2.1       7    62.6   151.9
   1988   5  10.7     5.6       0    52.7   159.2
   1988   6  12.8     8.0       0    13.0   145.3
   1988   7  14.4    10.2       0   156.1   126.9
   1988   8  13.9     9.7       0   107.9    96.6
   1988   9  12.7     9.1       0    97.3    90.2
   1988  10  10.1     6.6       1   177.0    43.6
   1988  11   7.7     3.8       3   128.8    20.7
   1988  12   8.2     3.7       1   128.7     7.5
   1989   1   8.5     4.2       0   143.9    17.8
   1989   2   6.6     1.6       2   249.9    42.5
   1989   3   7.1     2.2       5   146.2   100.7
   1989   4   8.0     3.0       6    58.0   136.4
   1989   5  10.6     5.8       0    66.7   209.3
   1989   6  12.7     7.1       0    42.4   189.3
   1989   7  14.1     9.3       0    79.9   146.1
   1989   8  13.9     9.4       0    88.8   156.1
   1989   9  12.7     8.2       0    73.6   130.2
   1989  10  10.5     6.1       0   130.3    56.4
   1989  11   8.2     4.5       0    55.6    48.6
   1989  12   6.2     2.2       9    90.4    12.8
   1990   1   7.0     2.9       2   183.0    20.7
   1990   2   6.8     2.5       3   199.4    46.3
   1990   3   7.6     2.5       5   191.1    84.1
   1990   4   8.2     2.9       5   143.3   152.4
   1990   5  10.9     5.7       0    43.6   162.5
   1990   6  12.5     8.4       0   134.0    88.2
   1990   7  14.1     9.5       0    53.8   133.4
   1990   8  14.6    10.4       0   108.2   112.8
   1990   9  12.3     7.6       0   126.4   115.6
   1990  10  10.4     7.2       0   135.7    46.2
   1990  11   7.6     4.1       0    93.8    31.3
   1990  12   6.4     1.8       7   117.0    18.7
   1991   1   5.8     2.1       6   136.3    33.9
   1991   2   4.8     1.0       9    55.7    43.2
   1991   3   7.6     3.7       0   120.9    68.1
   1991   4   8.2     3.5       4    46.0   164.5
   1991   5  10.2     5.4       0    32.6   144.0
   1991   6  11.3     6.2       0    56.2   149.2
   1991   7  15.7    10.7       0   103.8   133.9
   1991   8  15.3    10.9       0    57.5   122.1
   1991   9  12.5     8.0       0   120.8   132.4
   1991  10  10.0     6.4       0   157.6    49.7
   1991  11   7.9     3.8       1   189.9    30.5
   1991  12   7.3     2.9       3   120.4     6.9
   1992   1   7.2     3.2       5   105.5    14.4
   1992   2   6.9     2.7       2   146.8    47.9
   1992   3   6.7     1.8       7   115.1    74.4
   1992   4   7.7     3.6       0    94.7   105.0
   1992   5  12.0     6.2       1    74.8   233.1
   1992   6  14.7     9.0       0    31.8   236.1
   1992   7  14.2     9.4       0    57.9   137.8
   1992   8  14.1     9.2       0   126.8   123.7
   1992   9  12.1     8.7       0   112.1    51.2
   1992  10   8.8     4.1       0    77.2    88.0
   1992  11   7.4     3.2       3   207.7    26.4
   1992  12   6.2     1.9       2   123.2    12.5
   1993   1   5.7     0.9       8   226.6    10.1
   1993   2   6.2     2.4       7   114.5    25.0
   1993   3   6.7     2.3       8   123.9    82.5
   1993   4   8.1     3.8       1    75.6   128.2
   1993   5  10.2     5.3       0    45.9   155.7
   1993   6  11.3     6.6       0    46.5   123.8
   1993   7  12.4     8.1       0    51.4    85.8
   1993   8  12.8     8.6       0    53.1    89.6
   1993   9  11.9     7.6       0    38.1   114.6
   1993  10   8.5     5.3       2    99.7    46.7
   1993  11   7.4     3.9       1    64.2    35.6
   1993  12   4.6     0.6       9   179.7    17.7
   1994   1   5.0     0.4      13   241.7    15.3
   1994   2   4.2     1.0       8    74.9    53.5
   1994   3   5.5     0.6      11   206.0   101.8
   1994   4   7.7     2.8       1    89.4   151.4
   1994   5   9.7     4.1       0    33.6   251.9
   1994   6  11.5     6.9       0    99.8   138.2
   1994   7  15.1    10.0       0    25.1   144.0
   1994   8  14.2     9.8       0    85.7   144.2
   1994   9  12.0     7.4       0   140.7   124.3
   1994  10   9.5     4.9       4   108.9    77.8
   1994  11   9.0     5.3       0   140.9    29.7
   1994  12   6.5     2.2       5   210.1    13.7
   1995   1   5.1     0.6      13   164.9    24.8
   1995   2   4.9     0.2      11   133.5    87.0
   1995   3   5.3     0.4      13   154.1   105.2
   1995   4   7.2     2.6       6    63.0   125.8
   1995   5   9.2     4.5       1    30.9   155.7
   1995   6  12.7     7.4       0    33.8   183.8
   1995   7  14.1     9.1       0    54.7   165.8
   1995   8  15.1    10.4       0    49.5   132.6
   1995   9  13.1     9.0       0   139.3   103.6
   1995  10  11.6     6.9       0   113.9    80.5
   1995  11   8.2     4.4       2   110.4    29.3
   1995  12   4.4     0.6      13   232.1    28.0
   1996   1   6.1     3.5       1    44.5    11.8
   1996   2   4.4     0.4       8   118.6    43.0
   1996   3   5.4     1.6       6    70.8    55.6
   1996   4   8.3     3.9       3    59.2   112.4
   1996   5   9.1     3.6       2    51.9   200.3
   1996   6  12.3     7.9       0    33.1   117.2
   1996   7  13.3     8.9       0    85.2    94.2
   1996   8  14.7    11.1       0    58.7    75.6
   1996   9  13.1     8.9       0    49.1   124.4
   1996  10  10.8     7.2       0   142.9    56.8
   1996  11   5.8     1.1      11   170.5    56.6
   1996  12   5.4     1.0      13   107.5    40.9
   1997   1   6.4     2.9       4    67.2    44.6
   1997   2   6.7     1.4       5   175.1    50.6
   1997   3   6.9     2.8       5   151.9    70.3
   1997   4   7.6     2.8       4   110.4    92.5
   1997   5   9.8     4.8       1    49.7   172.4
   1997   6  12.2     7.5       0    41.0   129.3
   1997   7  15.2    10.5       0    32.3   131.8
   1997   8  16.7    11.8       0    75.9   202.1
   1997   9  13.0     8.7       0    86.6   109.3
   1997  10   9.9     5.7       0   101.0    71.6
   1997  11   8.5     6.0       0   108.4    11.2
   1997  12   7.5     3.8       2    96.8    27.8
   1998   1   6.5     2.5       5   105.3    22.1
   1998   2   7.5     3.3       3   214.9    33.9
   1998   3   6.6     1.9      10   144.8    74.4
   1998   4   7.6     3.1       7    50.8   170.3
   1998   5  11.1     6.0       0    31.4   199.6
   1998   6  11.8     6.9       0   105.0   202.8
   1998   7  12.9     9.6       0    75.9    82.8
   1998   8  12.9     9.5       0    79.3    86.4
   1998   9  13.1     9.8       0   116.5    63.1
   1998  10   9.3     5.5       0   182.3    84.4
   1998  11   7.4     3.4       2   160.7    57.7
   1998  12   7.0     2.6       7   170.0    20.5
   1999   1   5.7     2.4       5   139.2    34.1
   1999   2   4.7     0.5      12   202.8    66.5
   1999   3   7.0     2.9       1    93.9   111.4
   1999   4   8.6     4.0       5    77.0   148.4
   1999   5   9.9     5.3       0    86.5   206.1
   1999   6  11.7     8.0       0    89.4   110.9
   1999   7  13.7     9.4       0    53.0   124.7
   1999   8  14.4     9.7       0    74.2   154.7
   1999   9  13.8    10.6       0   143.8    89.2
   1999  10  10.7     6.9       0   156.2    59.8
   1999  11   8.9     4.8       2   151.3    31.8
   1999  12   5.2     0.9       8   274.2    12.6
   2000   1   6.5     2.4       4   156.7    29.8
   2000   2   6.1     1.3       7   160.7    68.4
   2000   3   6.9     2.2       8   158.3    85.6
   2000   4   7.2     3.0       6    83.5   118.7
   2000   5  11.2     6.2       0    42.6   223.2
   2000   6  11.3     7.0       0    77.7   152.3
   2000   7  12.9     9.3       0    28.2    87.9
   2000   8  14.0     9.9       0    87.5   109.2
   2000   9  12.8     9.7       0   145.6    91.7
   2000  10  11.0     7.5       0   144.9    92.1
   2000  11   8.4     4.8       0   182.4    59.2
   2000  12   6.3     3.1       9   140.4    16.3
   2001   1   6.0     2.9       0    79.7    40.9
   2001   2   3.9    -0.1      15   140.3    84.9
   2001   3   5.3     0.7      12    95.3   121.1
   2001   4   7.5     3.0       2    65.2   158.7
   2001   5  11.0     6.0       0    29.7   186.2
   2001   6  11.7     7.1       0    54.0   138.6
   2001   7  13.4     9.8       0    78.8    94.9
   2001   8  14.2    10.2       0    88.1   122.6
   2001   9  12.1     8.5       0    71.1    71.4
   2001  10  11.7     9.3       0   122.1    55.7
   2001  11   7.9     2.8       6   160.2    24.2
   2001  12   6.1     1.6      10   150.3    31.2
   2002   1   7.0     3.2       4   170.3      22
   2002   2   5.5     1.2       9   161.1      72
   2002   3   6.9     2.1       8    94.9   122.7
   2002   4   8.8     4.8       1    55.2   120.1
   2002   5  10.9     6.9       0    70.2     170
   2002   6  14.6     9.7       0    63.3   196.4
   2002   7  14.6    10.0       0    56.8   129.3
   2002   8  16.0    11.6       0    54.6   115.8
   2002   9  13.9    10.0       0    44.4    89.2
   2002  10   9.4     5.4       0    93.8    99.7
   2002  11   7.9     5.1       1   143.8    41.4
   2002  12   6.2     3.5       1   119.6    11.3
   2003   1   6.2     1.8      10   198.9    42.1
   2003   2   6.2     2.8       4    53.3    69.6
   2003   3   8.6     4.3       0    72.6   104.6
   2003   4   9.1     4.8       0    31.4   147.4
   2003   5  10.7     6.2       1    87.4   148.8
   2003   6  14.0     9.7       0    89.8   109.8
   2003   7  16.6    12.1       0    39.6     169
   2003   8  16.2    11.6       0    53.9   174.8
   2003   9  13.8     9.0       0   111.8   124.2
   2003  10   9.4     5.3       0   125.6   105.8
   2003  11   9.5     5.2       0   120.0    51.6
   2003  12   7.0     2.3       7   146.6    23.8
   2004   1   5.7     2.1       5   152.3    38.2
   2004   2   6.1     1.9      13   104.2    46.9
   2004   3   7.7     3.5       1    92.6   119.2
   2004   4   9.4     5.4       0    77.0   111.8
   2004   5  11.1     6.5       0    61.6   125.2
   2004   6  12.6     8.4       0    87.2   136.5
   2004   7  13.8     9.8       0    38.8   137.1
   2004   8  15.6    11.6       0   121.2   194.9
   2004   9  13.5     9.0       0    94.4   136.7
   2004  10  10.4     7.3       0   126.4    62.3
   2004  11   8.1     3.7       6   138.3    32.5
   2004  12   7.7     3.3       6   153.2    23.8
   2005   1   6.5     2.4       5   194.2    23.7
   2005   2   5.5     2.1       4   117.3    70.5
   2005   3   6.8     2.6       8   121.9    87.7
   2005   4   8.6     4.4       2    71.1   128.3
   2005   5   9.7     4.9       0    80.7   169.7
   2005   6  12.4     8.0       0    95.4     135
   2005   7  14.1    10.1       0    58.4   110.1
   2005   8  13.9    10.1       0    89.2   100.2
   2005   9  12.9     8.8       0   141.8    90.3
   2005  10  11.0     7.9       0   141.8    71.1
   2005  11   8.3     4.2       3   152.6    49.3
   2005  12   6.9     3.0       7   107.7    14.9
   2006   1   7.0     3.7       2    93.2    34.2
   2006   2   6.1     2.5       3   110.7      52
   2006   3   4.2     0.3      11   112.1    88.8
   2006   4   7.7     2.4       4    93.2   180.9
   2006   5  10.4     5.3       0    54.2   253.4
   2006   6  12.9     8.4       0    74.0   140.5
   2006   7  16.0    11.5       0    69.0   146.3
   2006   8  15.2    11.4       0    70.0   106.2
   2006   9  14.4    11.0       0    91.8    50.4
   2006  10  11.4     8.0       0   183.6    77.7
   2006  11   9.1     5.0       0   204.6      35
   2006  12   8.1     4.7       1   165.2    15.6
   2007   1   6.8     2.1       6   194.8    29.3
   2007   2   6.1     2.7       3   153.9    49.6
   2007   3   7.7     3.7       3   107.7   118.4
   2007   4   9.9     5.1       1    58.6   111.8
   2007   5  10.4     5.4       0    58.6   182.5
   2007   6  12.4     8.2       0    12.4   121.4
   2007   7  13.7     9.9       0   104.8    78.8
   2007   8  13.5     9.6       0   118.0   118.0
   2007   9  11.8     7.5       0   128.6    93.4
   2007  10  11.2     7.3       0    70.4    56.7
   2007  11   7.6     3.3       3   146.6    36.9
   2007  12   7.0     3.3       2    89.8    26.1
   2008   1   6.1     1.8       2   219.0    29.8
   2008   2   7.3     3.1       2    96.9    42.4
