Leuchars
Location: 3468E 7209N, 10 metres amsl
Estimated data is marked with a * after the value.
Missing data (more than 2 days missing in month) is marked by  ---.
Sunshine data taken from an automatic Kipp & Zonen sensor marked with a #, otherwise sunshine data taken from a Campbell Stokes recorder.
   yyyy  mm   tmax    tmin      af    rain     sun
              degC    degC    days      mm   hours
   1957   1    8.0     1.6       7    70.2    59.0
   1957   2    6.9     0.1      15    85.7    92.0
   1957   3   10.4     4.6       0    38.5    78.2
   1957   4   11.9     4.5       1    11.6   164.3
   1957   5   13.2     5.6       0    32.1   200.7
   1957   6   17.7     9.1       0    18.5   246.9
   1957   7   18.0    11.8       0   126.2   119.8
   1957   8   17.5    11.0       0    78.1   129.3
   1957   9   14.6     8.0       0    36.9   131.5
   1957  10   13.5     6.4       0    36.0    93.9
   1957  11    9.2     4.0       4    31.8    53.4
   1957  12    7.2     1.2       9    78.8    62.9
   1958   1    5.5    -1.0      16    42.7    64.9
   1958   2    6.3    -0.3      14    59.4    71.0
   1958   3    5.5     0.1      15   103.5   110.8
   1958   4   10.8     3.4       4    43.9   155.4
   1958   5   13.4     5.9       0    50.1   214.5
   1958   6   14.7     8.9       0    60.1   123.8
   1958   7   18.3    11.0       0   131.3   175.9
   1958   8   17.8    10.9       0    65.7   122.4
   1958   9   17.1    10.5       0    47.6   127.3
   1958  10   14.0     7.2       0    38.7   143.2
   1958  11    9.6     2.7       4    16.0    47.4
   1958  12    6.3     1.1       8    97.2    56.8
   1959   1    4.0    -2.4      24    22.3   101.4
   1959   2    7.3     0.8      11     5.5    59.6
   1959   3    9.4     3.5       2    26.7    93.4
   1959   4   12.6     4.9       0    52.7   170.4
   1959   5   14.1     6.8       0    14.3   193.1
   1959   6   16.9     9.8       0    49.4   208.7
   1959   7   19.9    11.4       0    83.9   207.0
   1959   8   19.7    12.4       0    19.6   171.4
   1959   9   18.0     9.0       0    11.2   171.8
   1959  10   14.6     7.9       0    32.7   109.6
   1959  11    9.8     3.9       5   126.3    57.9
   1959  12    7.5     1.8       6   127.2    27.9
   1960   1    5.9     0.3      12   107.3    54.2
   1960   2    5.9    -1.0      18    57.1   120.3
   1960   3    7.2     3.0       3    42.3    78.4
   1960   4   12.7     4.9       1    50.9   131.4
   1960   5   15.7     6.6       1    44.6   209.4
   1960   6   18.4    10.0       0    37.0   221.4
   1960   7   17.8     9.8       0    79.3   156.3
   1960   8   17.8    10.1       0   109.7   161.8
   1960   9   16.0     8.7       0    39.4   126.7
   1960  10   12.1     7.3       0   126.1    48.1
   1960  11    8.8     1.6      10    84.9    69.0
   1960  12    5.4    -0.5      20    54.7    57.4
   1961   1    5.5    -0.3      15    67.4    46.3
   1961   2    9.0     2.5       6    41.6    81.5
   1961   3   12.4     4.1       3    19.7   131.8
   1961   4   11.4     4.4       4    63.1   108.4
   1961   5   14.3     5.5       1    19.2   203.7
   1961   6   17.8     8.6       0    25.0   202.0
   1961   7   17.6     9.8       0    83.8   156.6
   1961   8   18.3     9.4       0    96.4   171.3
   1961   9   16.8     8.9       0    63.5   108.8
   1961  10   12.8     6.1       0    74.9   117.9
   1961  11    8.1     1.4      13    33.3    78.1
   1961  12    3.9    -2.3      22    72.4    49.9
   1962   1    6.3    -0.5      14    77.9    79.0
   1962   2    7.6     0.9      10    19.1    94.3
   1962   3    6.2    -1.4      16    20.7   136.2
   1962   4   10.6     1.7       9    31.5   203.2
   1962   5   13.5     4.9       0    28.7   187.9
   1962   6   18.4     7.2       0    16.2   222.0
   1962   7   16.4     9.1       0    95.1   172.4
   1962   8   17.0     8.8       0   113.2   190.3
   1962   9   14.7     8.3       0    95.2    78.4
   1962  10   13.1     6.3       2    12.2   100.2
   1962  11    7.8     1.4      13    68.9    68.3
   1962  12    5.4    -1.1      20    46.0    49.2
   1963   1    2.8    -2.7      22    48.4    50.8
   1963   2    3.3    -3.6      23    47.9    86.8
   1963   3    8.7     1.1       9    64.2   107.0
   1963   4   10.6     3.3       4    44.3   147.1
   1963   5   13.4     4.5       0    31.8   214.9
   1963   6   15.8     8.8       0    60.6   156.3
   1963   7   17.0     9.1       0    45.3   165.1
   1963   8   16.4     9.0       0   143.9    97.4
   1963   9   15.8     7.5       0    54.8   158.3
   1963  10   13.5     5.5       0    29.7   109.6
   1963  11    8.5     3.3       8   193.8    51.2
   1963  12    5.9     0.4      15    13.3    47.7
   1964   1    7.1     0.7       9    19.9    53.7
   1964   2    7.0     0.7      10    26.8    81.1
   1964   3    6.3     1.9       5    82.0    49.0
   1964   4   11.7     4.8       2    44.8   133.4
   1964   5   14.4     6.9       0    21.7   162.4
   1964   6   17.0     8.2       0    79.6   215.3
   1964   7   19.0    10.0       0    22.7   199.4
   1964   8   17.6     9.6       0    68.5   146.5
   1964   9   16.2     7.7       0    57.8   150.6
   1964  10   11.8     4.2       2    32.7    82.5
   1964  11    9.3     1.9      10    19.2    76.0
   1964  12    5.9    -0.6      17    56.4    50.8
   1965   1    5.0    -0.8      17    56.7    73.6
   1965   2    6.7     0.1      11     5.6    61.7
   1965   3    7.3     0.3      13    54.6    91.4
   1965   4   11.7     2.1       3    27.6   186.8
   1965   5   13.2     5.8       1    53.4   155.0
   1965   6   17.1     8.9       0    77.5   178.1
   1965   7   14.9     8.3       0    87.9   125.2
   1965   8   17.0     8.8       0    48.0   156.9
   1965   9   15.0     8.5       0    93.1    87.2
   1965  10   12.6     6.5       2    57.2    76.7
   1965  11    6.6     0.6      16    70.8    78.6
   1965  12    4.9    -1.3      21    59.6    52.8
   1966   1    5.0    -0.1      12    57.4    36.7
   1966   2    5.5    -0.2      14   102.0    37.4
   1966   3   10.5     2.4       6    11.2   146.2
   1966   4    8.3     2.3       8   100.0   121.2
   1966   5   14.6     4.9       0    50.6   227.5
   1966   6   16.3     9.6       0    89.8   109.3
   1966   7   18.6     9.0       0    44.2   203.3
   1966   8   16.0     9.4       0   139.8   119.0
   1966   9   16.7     9.4       0    52.8   122.1
   1966  10   12.3     4.7       2    80.4    89.7
   1966  11    7.6     1.2      11    41.9    67.5
   1966  12    6.3     0.1      12    68.6    61.9
   1967   1    6.7     0.9      12    53.2    76.0
   1967   2    7.9     1.7       8    44.4    79.3
   1967   3    9.8     2.5       4    30.4   161.4
   1967   4   12.2     3.1       5    12.5   181.3
   1967   5   12.1     5.0       2    99.6   115.4
   1967   6   17.1     7.8       0    20.4   217.2
   1967   7   19.1     9.9       0    33.9   173.1
   1967   8   18.7     9.7       0    61.3   168.5
   1967   9   16.2     8.7       0    70.1   104.4
   1967  10   12.9     5.7       0    80.2   135.1
   1967  11    8.8     2.0       4    54.1    86.6
   1967  12    7.0     1.1      13    20.5    82.4
   1968   1    6.5     0.2      15    39.8    57.9
   1968   2    4.8    -1.9      20    37.8    79.2
   1968   3    9.6     1.7      10    25.7   106.6
   1968   4   10.6     2.4      11    58.9   162.4
   1968   5   11.0     3.9       2   113.5   117.1
   1968   6   17.3     8.0       0    17.8   200.4
   1968   7   16.5    10.4       0    83.2   115.9
   1968   8   17.6     9.6       0    46.8   188.0
   1968   9   15.6     8.6       0    66.2   100.2
   1968  10   14.0     7.6       1   111.9    81.7
   1968  11    8.5     2.9       6    51.5    32.5
   1968  12    6.0     0.2      15    39.4    36.6
   1969   1    7.2     1.0      11    80.5    59.2
   1969   2    3.5    -2.0      17    36.7    73.5
   1969   3    5.6     0.0      12    43.9    92.2
   1969   4   10.2     1.7       9    46.7   161.1
   1969   5   12.1     5.7       0   151.7   136.1
   1969   6   17.1     8.3       0    54.0   218.3
   1969   7   20.3    10.9       0    29.8   218.8
   1969   8   19.1    11.0       0    38.8   164.2
   1969   9   16.8     8.9       0    43.8   135.9
   1969  10   15.5     8.1       0    22.7   106.9
   1969  11    6.9    -0.3      19    56.4    89.5
   1969  12    5.9    -0.8      16    55.7    42.6
   1970   1    5.2     0.0      12    91.5    41.3
   1970   2    5.5    -1.2      18    41.1   128.4
   1970   3    7.8     0.0      15    12.8   143.1
   1970   4   10.0     1.5      13    24.0   161.2
   1970   5   14.1     6.5       0    56.8   128.1
   1970   6   16.8     8.7       0    49.8   207.6
   1970   7   17.1     9.6       0    62.8   144.4
   1970   8   17.8    10.6       0    81.5   134.4
   1970   9   16.8     9.2       0    61.5   117.3
   1970  10   12.8     5.6       1    35.4    98.2
   1970  11    8.6     2.0       7   102.0    75.9
   1970  12    6.7     1.1      11    32.2    61.9
   1971   1    6.8     1.3      13    43.9    42.6
   1971   2    8.1     1.5       7    17.3    69.6
   1971   3    9.0     1.1      12    27.3   102.0
   1971   4   10.6     3.0       2    59.2   150.2
   1971   5   15.0     5.2       0    57.5   243.1
   1971   6   14.7     7.0       0    34.4   142.7
   1971   7   19.5    10.4       0    77.2   222.7
   1971   8   17.8    10.2       0    60.6   136.7
   1971   9   17.5     8.9       0     9.0   148.2
   1971  10   14.1     6.0       7    37.7   121.3
   1971  11    8.9     1.8      13    57.1    85.6
   1971  12    9.8     4.1       4    15.9    28.6
   1972   1    6.1     2.0       7   102.6    34.1
   1972   2    6.5     0.5      11    92.9    37.5
   1972   3    8.5     1.6       6    31.1   109.5
   1972   4   12.2     4.1       0    44.3   166.5
   1972   5   13.3     5.7       0    53.6   142.6
   1972   6   15.3     6.7       0    51.4   191.1
   1972   7   18.0     9.4       0    19.3   200.9
   1972   8   18.1     9.3       0    38.7   169.5
   1972   9   15.8     6.9       0     4.7   131.9
   1972  10   13.9     5.4       0    13.7    99.7
   1972  11    8.6     1.3       9    37.5    74.3
   1972  12    7.6     1.1      13    54.6    38.0
   1973   1    6.9     1.9       6    53.4    50.3
   1973   2    7.9     0.0      14     4.4   113.7
   1973   3   11.2     1.4      14     7.4   148.2
   1973   4   10.8     2.5       6    33.9   170.0
   1973   5   12.8     5.7       1    58.7   137.6
   1973   6   18.9     9.4       0    17.5   198.4
   1973   7   19.4    10.7       0    60.6   161.5
   1973   8   18.1     9.6       0    29.2   172.0
   1973   9   16.6     9.1       0    33.0   112.8
   1973  10   12.2     4.8       2    41.9    98.8
   1973  11    8.3     1.0      12    14.4    93.8
   1973  12    7.1     0.6      11    61.1    59.8
   1974   1    8.4     2.3       4    86.9    50.5
   1974   2    7.8     1.4       8    55.7    73.5
   1974   3    7.2     2.0       7    49.2    79.9
   1974   4    9.9     2.5       7    10.6   153.7
   1974   5   14.1     5.7       0    54.8   200.4
   1974   6   16.3     7.5       0    62.6   217.4
   1974   7   17.9     9.3       0    51.1   194.7
   1974   8   18.5     9.6       0    40.8   165.7
   1974   9   14.6     6.8       1    68.3   130.7
   1974  10   10.8     4.3       2    30.0    79.7
   1974  11    8.8     2.0       8    70.7    79.6
   1974  12    9.1     3.3       4    50.1    61.1
   1975   1    8.3     1.6      10    87.5    52.2
   1975   2    6.5     1.2       9    50.1    47.3
   1975   3    7.7     0.6      10    18.7   123.8
   1975   4   11.1     3.5       7    34.8   128.3
   1975   5   12.2     3.8       1    15.7   245.2
   1975   6   17.9     7.6       0    31.7   235.5
   1975   7   19.2    11.4       0    75.4   164.9
   1975   8   20.4    12.3       0    53.1   173.4
   1975   9   15.9     7.5       1    88.3   125.5
   1975  10   13.0     5.9       1    25.1    88.7
   1975  11    9.0     2.2       8    28.1    80.7
   1975  12    8.4     2.0       8    13.5    70.7
   1976   1    7.3     1.3       7    58.1    56.2
   1976   2    7.2     2.2       6    34.5    55.6
   1976   3    7.4     1.5       7    64.2   109.9
   1976   4   11.3     3.6       5    33.3   130.2
   1976   5   13.7     6.7       0    68.4   129.1
   1976   6   19.3    10.2       0    10.5   195.9
   1976   7   20.2    11.5       0    32.2   223.2
   1976   8   19.5    10.3       0    11.0   217.7
   1976   9   15.1     9.1       0    81.0    85.8
   1976  10   12.6     6.3       0   148.7    80.4
   1976  11    8.4     1.2      10    44.0    92.1
   1976  12    3.7    -0.7      19    77.0    65.6
   1977   1    4.6    -1.4      18    76.4    60.5
   1977   2    5.7    -0.1      11   141.6    71.1
   1977   3    9.1     2.5       4    58.8    95.7
   1977   4   10.6     2.7       8    16.6   184.4
   1977   5   12.3     4.6       1    34.1   201.4
   1977   6   15.5     7.7       0    68.2   187.1
   1977   7   18.4    10.1       0    29.6   202.7
   1977   8   17.4     9.7       0    59.5   196.0
   1977   9   15.5     8.1       0    46.2   113.4
   1977  10   13.7     7.7       0   105.5    93.9
   1977  11    8.1     1.8       8    55.7    89.2
   1977  12    7.8     2.7       5    42.5    49.0
   1978   1    4.9    -1.3      20   103.2    59.7
   1978   2    3.8    -3.4      22    76.5    67.9
   1978   3    9.4     2.3       7    51.6   120.0
   1978   4    8.2     2.7       6    64.5   110.3
   1978   5   13.9     6.2       0    53.7   212.6
   1978   6   16.5     8.5       0    42.4   208.5
   1978   7   17.1     9.8       0    66.1   146.0
   1978   8   17.9    10.8       0    84.2   128.0
   1978   9   16.2     9.4       0    52.1   116.5
   1978  10   14.3     7.4       0    15.3   103.7
   1978  11   10.4     3.9       7    33.8    71.8
   1978  12    5.7     1.4      12   155.1    21.0
   1979   1    3.0    -3.5      24    44.8    72.4
   1979   2    4.1    -2.0      20     4.9    78.4
   1979   3    7.0     0.2      13    49.2   128.9
   1979   4    9.9     2.9       4    52.4   127.5
   1979   5   12.6     4.5       5    81.5   182.6
   1979   6   17.0     8.6       0    33.2   196.7
   1979   7   19.9    10.2       0    40.6   192.1
   1979   8   17.1     9.4       0    80.5   141.5
   1979   9   16.3     7.7       0    17.2   168.2
   1979  10   12.8     7.5       0    74.2    76.4
   1979  11    9.1     1.8      11    60.3    79.4
   1979  12    6.5     0.9      13   105.3    55.2
   1980   1    4.4    -0.3      13    65.8    46.8
   1980   2    7.0     1.6       9    90.8    35.7
   1980   3    7.0     0.4      12    80.9    89.3
   1980   4   12.5     3.6       2     4.6   201.5
   1980   5   13.9     4.6       0    20.0   233.3
   1980   6   17.2     9.2       0    95.8   194.5
   1980   7   17.2     9.8       0    65.4   135.9
   1980   8   18.2    10.4       0    72.3   129.3
   1980   9   16.6     9.9       0    49.7    97.1
   1980  10   11.3     4.2       4    69.4   129.2
   1980  11    8.8     3.1       8    66.8    58.0
   1980  12    8.0     2.0      12    55.8    42.4
   1981   1    6.9     0.2      15    23.8    66.3
   1981   2    6.4    -0.1      15    36.5    88.3
   1981   3    9.5     2.4       6    82.8   116.2
   1981   4   10.8     2.7       6    19.4   194.3
   1981   5   14.0     6.2       3    62.7   206.5
   1981   6   16.7     8.5       0    56.2   188.4
   1981   7   18.9    10.1       0    37.4   175.0
   1981   8   19.7    10.5       0    16.5   182.1
   1981   9   17.6     9.3       0   128.8   157.5
   1981  10   10.3     2.6       6    66.7   137.6
   1981  11    9.5     2.7       5    52.4    71.2
   1981  12    3.2    -3.2      22    59.5    50.3
   1982   1    4.8    -2.2      15    80.4    57.7
   1982   2    7.8     1.6       8    28.6    71.0
   1982   3    9.3     1.6       8    54.3   151.8
   1982   4   12.6     3.9       0    22.4   185.3
   1982   5   14.6     4.9       2    37.1   231.3
   1982   6   16.0     9.4       0    33.3   103.7
   1982   7   18.9    10.7       0    30.5   237.6
   1982   8   18.9    10.4       0    30.6   172.2
   1982   9   16.8     8.1       0    85.5   137.2
   1982  10   12.5     6.4       0   135.5    67.5
   1982  11    9.2     3.3       4    86.0    80.2
   1982  12    6.2    -0.6      14    94.2    39.5
   1983   1    8.2     2.6       6    55.6    73.3
   1983   2    4.4    -1.3      20    20.4    64.0
   1983   3    9.7     3.1       2    55.5   120.2
   1983   4    9.2     1.7       8    50.8   124.9
   1983   5   10.8     5.8       0    57.3   101.5
   1983   6   16.0     8.3       0    70.6   184.7
   1983   7   20.5    11.9       0    13.4   179.7
   1983   8   20.2    11.8       0    27.0   175.7
   1983   9   15.3     8.5       0    98.7   116.9
   1983  10   12.7     5.7       3    48.9   107.1
   1983  11    9.5     2.9       8    15.9    82.7
   1983  12    8.4     2.1       9    80.8    38.8
   1984   1    4.2    -1.4      20   112.7    69.4
   1984   2    6.3     0.7       9    38.5    64.9
   1984   3    7.2     1.4       7   102.1    80.6
   1984   4   10.7     2.8       8    10.2   168.7
   1984   5   13.4     4.3       4    22.7   230.5
   1984   6   17.7     9.2       0    35.5   199.4
   1984   7   20.4    11.1       0    21.3   217.6
   1984   8   20.1    10.9       0    11.3   186.9
   1984   9   15.4     8.5       0    78.1   108.1
   1984  10   13.5     5.4       0    76.9    99.5
   1984  11    9.3     4.6       3   160.9    43.8
   1984  12    7.5     2.0       8    52.9    51.4
   1985   1    3.9    -1.2      16    62.8    67.4
   1985   2    6.2    -0.1      13     7.8    79.1
   1985   3    7.4     0.7      11    77.7    95.3
   1985   4   11.1     3.5       2    61.7   138.4
   1985   5   13.4     5.7       0    67.2   177.2
   1985   6   15.0     7.5       0    65.2   179.6
   1985   7   17.8    10.4       0    95.8   150.8
   1985   8   17.4     9.3       0   101.2   178.0
   1985   9   15.7     8.8       0   144.7   104.8
   1985  10   14.2     6.5       0    19.7   123.7
   1985  11    6.2    -0.3      15    55.0    74.0
   1985  12    7.5     1.4      10   105.0    37.2
   1986   1    5.1    -0.3      16    70.7    58.8
   1986   2    2.8    -2.0      20    25.3    49.2
   1986   3    8.9     1.1      10    26.1   135.3
   1986   4    8.6     1.6       7    56.3   114.5
   1986   5   14.0     6.1       0    78.9   191.6
   1986   6   16.3     8.3       0    45.1   215.8
   1986   7   19.3    10.1       0    58.4   196.8
   1986   8   16.0     8.1       0    45.9   152.2
   1986   9   16.0     6.3       1    19.1   162.2
   1986  10   13.5     5.7       1    35.6   143.6
   1986  11   10.3     2.9       5    34.0    91.2
   1986  12    7.1     1.1      11   112.5    51.2
   1987   1    4.3    -1.4      19    49.4    54.3
   1987   2    6.5    -0.7      15    39.3    81.4
   1987   3    7.4     0.4      13    60.7   125.4
   1987   4   12.7     3.9       2    68.1   153.5
   1987   5   13.4     5.1       0    48.0   186.8
   1987   6   14.4     7.5       0   103.1   138.1
   1987   7   19.0    10.4       0    61.4   163.7
   1987   8   18.6     9.9       0    64.7   180.0
   1987   9   16.2     7.6       0    47.7   177.3
   1987  10   11.4     4.4       4    92.9    87.3
   1987  11    8.8     3.4       2    27.6    77.8
   1987  12    7.7     2.3      10    44.3    32.8
   1988   1    6.8     0.5      15   111.5    64.3
   1988   2    7.5     0.9      10    31.1    86.0
   1988   3    9.1     1.3       9    65.1   147.3
   1988   4   11.1     3.4       2    99.2   131.5
   1988   5   13.4     6.0       0    49.2   197.9
   1988   6   18.0     9.0       0    15.3   208.6
   1988   7   17.8    10.3       0    85.7   180.8
   1988   8   18.7    10.2       0    87.2   190.6
   1988   9   16.9     8.2       0    48.1   160.7
   1988  10   12.2     6.0       2    94.6    79.4
   1988  11    8.9     1.2      10    54.5    86.3
   1988  12    9.9     3.6       3    16.9    58.2
   1989   1    9.7     3.5       3    25.2    63.8
   1989   2    8.5     1.6       6    43.1   112.4
   1989   3   10.0     1.6       8    49.9   147.4
   1989   4    9.8     2.4       7    26.0   141.5
   1989   5   15.9     6.6       0    24.2   233.0
   1989   6   18.0     7.9       0    34.0   222.9
   1989   7   21.0    10.9       0    14.5   252.6
   1989   8   19.9    10.2       0    70.6   181.7
   1989   9   16.5     8.1       0    27.6   126.5
   1989  10   14.3     6.7       0    60.5   100.0
   1989  11    9.0     3.1       8    23.4    92.9
   1989  12    6.1    -1.0      19    55.4    65.6
   1990   1    8.2     2.1       6    86.1    66.6
   1990   2    8.9     2.5       6    81.8    87.5
   1990   3   11.7     4.2       3    17.1   149.2
   1990   4   12.1     2.8       5    20.7   217.5
   1990   5   14.5     5.7       0    28.8   216.7
   1990   6   17.1     8.4       0   107.2   160.5
   1990   7   18.9    10.2       0    22.0   242.7
   1990   8   20.9    11.1       0    39.2   166.0
   1990   9   16.1     7.4       0    45.1   134.5
   1990  10   13.2     7.3       1   117.7    90.1
   1990  11    8.9     2.8       7    44.6    73.7
   1990  12    6.8     0.6      13    48.0    48.0
   1991   1    5.3    -1.6      18    77.8    65.8
   1991   2    5.5    -0.6      18    72.4    69.3
   1991   3   10.0     2.0       8    65.0    85.5
   1991   4   11.0     3.5       5    20.9   194.2
   1991   5   15.1     6.4       0    19.2   176.4
   1991   6   15.2     7.0       0    94.7   164.4
   1991   7   18.8    12.0       0    63.1   168.8
   1991   8   20.6    10.9       0    22.5   202.1
   1991   9   17.1     7.6       0    41.9   169.1
   1991  10   12.4     6.2       0    54.0    90.1
   1991  11    9.2     2.1       9    38.5    63.2
   1991  12    7.3     0.4      13    39.3    45.9
   1992   1    7.0    -0.7      21    43.7    76.7
   1992   2    8.6     1.0      11    27.0    78.3
   1992   3    9.9     2.6       7    91.4   100.6
   1992   4   11.6     3.6       3    41.6   129.3
   1992   5   14.7     6.7       2    39.1   232.3
   1992   6   18.6     9.9       0    32.1   197.9
   1992   7   19.1     9.9       0    57.1   195.2
   1992   8   17.9     8.8       0   105.9   173.0
   1992   9   14.8     8.2       0   105.3   112.5
   1992  10   10.5     2.4       8    33.0   102.7
   1992  11    9.2     1.1      11    69.7    88.7
   1992  12    5.6    -0.3      15    52.6    51.6
   1993   1    7.6     0.7       9   167.2    50.7
   1993   2    9.1     2.8       5     3.8    51.2
   1993   3    9.7     1.8       9    26.3   125.6
   1993   4   10.8     4.2       2   101.7   109.9
   1993   5   12.8     5.7       0    87.7   144.3
   1993   6   16.9     8.3       0    41.8   159.3
   1993   7   18.5     9.5       0    57.2   220.6
   1993   8   17.9     9.0       0    40.2   165.3
   1993   9   15.0     7.1       0    56.9   120.7
   1993  10   10.9     4.2       8   109.4   130.2
   1993  11    6.7     0.2      18    57.4    52.8
   1993  12    5.6    -0.4      16    74.0    50.2
   1994   1    6.4    -0.2      16    61.9    72.2
   1994   2    4.9    -0.6      12    96.8    60.1
   1994   3    9.5     1.8       6    45.2   150.4
   1994   4   10.9     2.6       4    41.0   162.3
   1994   5   12.3     4.4       1    14.8   235.2
   1994   6   18.5     8.8       0    32.4   245.1
   1994   7   19.3    10.8       0    19.0   181.8
   1994   8   18.5     9.5       0    31.0   173.6
   1994   9   15.8     7.7       0    21.8   135.4
   1994  10   12.9     5.2       2    39.0   106.5
   1994  11   11.6     5.3       2    63.4    73.0
   1994  12    7.6     1.5      10    49.4    67.8
   1995   1    6.3    -0.9      18    62.4    68.2
   1995   2    7.7     0.8      10    78.6   108.5
   1995   3    8.4     0.4      14    28.1   154.8
   1995   4   12.1     3.4       6    31.0   185.3
   1995   5   14.7     5.2       5    49.4   208.8
   1995   6   17.3     8.3       0    33.4   246.5
   1995   7   20.2    11.2       0    21.0   212.2
   1995   8   21.3    11.3       0    11.2   240.6
   1995   9   16.3     8.8       0   136.6   132.1
   1995  10   15.2     8.0       0    94.4   115.3
   1995  11   10.1     3.8       6    83.2    60.4
   1995  12    4.8    -0.7      13    53.5    53.2
   1996   1    6.3     3.3       3    42.8    14.3
   1996   2    6.0    -0.4      16    36.0   100.2
   1996   3    6.4     1.0       8    60.8    61.4
   1996   4   11.1     4.3       1    69.0   121.4
   1996   5   12.0     4.2       3    35.6   191.2
   1996   6   18.3     8.5       0    21.0   237.1
   1996   7   19.9    10.2       0    37.6   208.9
   1996   8   20.0    11.0       0    32.8   196.6
   1996   9   16.7     9.4       0    18.4   158.9
   1996  10   14.1     7.2       0    89.6   103.5
   1996  11    7.3     0.9      16    92.6   105.5
   1996  12    5.5     0.4      14    69.8    41.4
   1997   1    5.8     0.1      15    21.3    41.9
   1997   2    8.6     1.7       8    72.2    98.9
   1997   3   11.5     3.2       4    27.2   149.6
   1997   4   13.2     4.3       4     4.2   146.2
   1997   5   13.6     5.9       2    87.2   186.5
   1997   6   16.0     8.7       0    81.4   165.5
   1997   7   19.4    11.3       0    48.6   195.9
   1997   8   20.5    12.4       0    24.2   173.5
   1997   9   17.0     8.2       0    32.2   181.1
   1997  10   13.7     5.2       4    29.8   141.2
   1997  11   10.2     5.5       0    90.6    43.1
   1997  12    7.8     2.6       7   115.4    34.2
   1998   1    7.1     0.9      13    78.0    51.4
   1998   2   10.7     5.0       4     9.2    67.8
   1998   3   10.7     2.6       9    53.2   112.7
   1998   4    9.7     3.2       6    86.5   122.7
   1998   5   14.5     6.2       1    46.4   153.7
   1998   6   16.3     8.6       0    63.2   177.8
   1998   7   18.3    10.3       0    91.8   139.0
   1998   8   18.3    10.5       0    46.7   165.9
   1998   9   16.4    10.2       0    60.4   110.7
   1998  10   11.8     5.3       3   108.6   140.1
   1998  11    8.6     1.5      11    57.0    79.4
   1998  12    8.1     1.2      12    36.7    57.6
   1999   1    6.6     1.3       9    78.0    61.6
   1999   2    7.5     0.8      12    28.0   134.3
   1999   3   10.1     2.4       6    24.0   125.5
   1999   4   11.6     4.2       4    46.2   155.5
   1999   5   13.8     7.0       0    56.6   191.9
   1999   6   16.7     8.6       0    63.4   186.2
   1999   7   19.2    11.0       0    34.4   186.9
   1999   8   17.9     9.9       0    21.0   163.9
   1999   9   18.7    10.4       0    76.8   132.9
   1999  10   13.7     7.0       0    41.6   105.1
   1999  11   10.6     3.6       4    46.8    80.2
   1999  12    6.0    -0.2      17    86.8    77.3
   2000   1    8.4     1.5      10    24.2    96.7
   2000   2    8.4     1.6       8    30.0    95.3
   2000   3   11.1     3.6       7    33.8   126.6
   2000   4   10.7     3.3       5    85.0   142.8
   2000   5   14.0     5.9       0    75.0   228.2
   2000   6   16.1     8.4       0    57.6   181.8
   2000   7   17.7    10.2       0    16.0   165.0
   2000   8   19.8    10.9       0    55.2   169.5
   2000   9   16.5     9.6       0   126.2   124.2
   2000  10   13.2     5.3       1    81.6   120.8
   2000  11    9.0     2.5       5    95.8    97.3
   2000  12    6.7     1.9      10   107.2    51.3
   2001   1    5.4    -1.0      18    34.3    69.8
   2001   2    6.5    -0.5      14    88.8    99.7
   2001   3    7.2     0.3      12    56.1   120.5
   2001   4   10.6     3.0       5    43.2   159.8
   2001   5   15.6     6.3       0    14.5   245.5
   2001   6   16.7     8.4       0    63.0   201.5
   2001   7   18.9    11.0       0    43.6   149.7
   2001   8   19.0    10.6       0    89.2   147.6
   2001   9   16.1     8.3       0    36.8   121.2
   2001  10   15.1     9.4       0   100.0    94.7
   2001  11   10.4     3.3       6    26.2    79.5
   2001  12    6.3    -0.1      18    34.2    64.4
   2002   1    7.8     1.0       8    97.6    50.1
   2002   2    8.4     1.6       5    78.0    80.5
   2002   3   10.0     2.6       6    48.1   123.6
   2002   4   11.7     4.0       4    28.6   151.0
   2002   5   14.7     7.0       1    42.9   176.1
   2002   6   17.2     9.8       0    73.4   166.2
   2002   7   18.1    10.3       0   145.8   145.9
   2002   8   19.1    12.1       0    88.2   148.9
   2002   9   17.0     9.5       0    21.8   125.4
   2002  10   11.6     5.0       3   169.6    90.9
   2002  11    9.9     3.9       3   106.6    65.8
   2002  12    7.0     3.7       5    89.4    20.2
   2003   1    6.8     1.4      13    58.7    66.5
   2003   2    6.8    -0.1      13    15.0   102.7
   2003   3   10.9     2.4       9    25.4   160.0
   2003   4   12.3     4.2       2    38.8   199.6
   2003   5   15.0     7.2       0    66.8   183.4
   2003   6   18.6    10.0       0    43.0   226.5
   2003   7   20.5    12.4       0    47.4   173.5
   2003   8   19.6    11.2       0    12.0   201.8
   2003   9   18.2     8.8       0    42.6   151.6
   2003  10   12.6     4.7       2    23.2   140.2
   2003  11   11.1     3.2       5    63.4    93.5
   2003  12    7.5     0.8      10    60.0    57.1
   2004   1    7.1     1.5       9    61.3    57.8
   2004   2    8.3     1.0      13    18.8   119.7
   2004   3   10.3     1.9       4    33.4   130.2
   2004   4   12.7     5.3       2    57.6   107.9
   2004   5   15.7     6.6       0    31.4   210.4
   2004   6   18.4    10.2       0    91.2   185.6
   2004   7   18.9     9.6       0    19.0   164.9
   2004   8   18.6    12.0       0   215.6   134.5
   2004   9   16.9     9.4       0    59.5   154.0
   2004  10   12.6     6.4       0   181.3    95.1
   2004  11   10.3     3.6       5    42.3    82.1
   2004  12    8.3     1.4      12    19.8    76.2
   2005   1    8.9     1.8       7    70.5    73.8
   2005   2    7.5     1.0       9    47.9    96.8
   2005   3    9.7     3.5       6    50.0   112.5
   2005   4   11.4     4.2       2    73.0   170.1
   2005   5   14.0     5.3       2    72.0   220.6
   2005   6   18.2    10.2       0    64.2   174.3
   2005   7   20.1    11.1       0    22.6   217.6
   2005   8   20.0    10.0       0    34.8   184.4
   2005   9   18.1     9.4       0    23.2   113.0#
   2005  10   14.0     8.3       0   130.8    52.1#
   2005  11    9.1     2.4       8    55.0    89.3#
   2005  12    7.3     1.3      10    62.6    50.0#
   2006   1    6.9     1.4       7    18.6    40.5#
   2006   2    7.0     1.2      10    25.8    61.2#
   2006   3    6.8     1.0      13    95.5    75.4#
   2006   4   12.0     2.4       6     5.2   204.8#
   2006   5   14.4     5.4       1    57.2   217.4#
   2006   6   19.0     9.8       0    34.8   192.8#
   2006   7   21.9    11.9       0    22.5   203.3#
   2006   8   19.7    10.8       0    45.2   158.0#
   2006   9   18.6    10.9       0    89.6   129.5#
   2006  10   14.7     7.7       0   103.6    76.8#
   2006  11   10.4     3.5       2    71.2    92.9#
   2006  12    7.5     1.9       9    49.8    66.8#
   2007   1    8.8     2.1       8    67.6    73.3#
   2007   2    8.3     1.7      11    68.4    75.6#
   2007   3    9.9     2.8       5    29.4   136.2#
   2007   4   14.7     5.6       1    10.2   191.3#
   2007   5   14.1     6.4       0    57.2   187.9#
   2007   6   14.8     9.9       0   134.7    67.0#
   2007   7   18.4    10.3       0   119.8   147.9#
   2007   8   18.3    10.3       0    78.6   165.3#
   2007   9   17.0     8.4       0    21.0   150.3#
   2007  10   14.7     6.1       2    20.6   123.0#
   2007  11   10.3     4.2       3    66.2    69.8#
   2007  12    7.0     0.3      16    30.8    42.1#
   2008   1    7.5     1.6       7   147.0    48.8#
   2008   2    8.9     1.2      10    24.2    92.6#
