Ross-On-Wye
Location: 3598E 2238N, 67 metres amsl
Estimated data is marked with a * after the value.
Missing data (more than 2 days missing in month) is marked by  ---.
Sunshine data taken from an automatic Kipp & Zonen sensor marked with a #, otherwise sunshine data taken from a Campbell Stokes recorder.
   yyyy  mm   tmax    tmin      af    rain     sun
              degC    degC    days      mm   hours
   1930  12    7.4     2.0       7    83.8    30.5
   1931   1    6.7     0.6      14    35.2    75.6
   1931   2    7.3     1.3       8    43.5    76.6
   1931   3    8.6    -0.5      17     9.5   134.6
   1931   4   11.2     4.7       0    68.9    97.0
   1931   5   15.5     7.0       0    80.9   152.4
   1931   6   19.0    10.8       0    80.9   180.8
   1931   7   19.0    11.7       0   108.0   130.7
   1931   8   18.7    10.6       0   124.6   147.2
   1931   9   15.9     7.8       0    44.7    94.8
   1931  10   13.4     3.9       9    14.2   109.5
   1931  11   11.1     5.2       0   134.6    63.5
   1931  12    8.0     3.2       7    33.0    46.1
   1932   1    9.3     3.6       6   100.9    48.0
   1932   2    5.7     0.3      17     2.1    58.6
   1932   3    9.2     0.1      14    43.9   141.2
   1932   4   10.3     3.4       1    66.8   107.1
   1932   5   14.2     6.9       1   133.7   103.8
   1932   6   19.5     9.1       0    40.0   227.4
   1932   7   20.1    12.4       0    54.0   134.5
   1932   8   22.2    13.0       0    48.7   173.6
   1932   9   17.6     8.8       0    86.0   127.6
   1932  10   12.9     4.2       4   134.6   108.3
   1932  11    9.4     3.7       4    34.9    49.5
   1932  12    8.2     3.5       4    41.3    55.9
   1933   1    5.6    -1.0      19    57.6    91.5
   1933   2    7.7     0.4      16    89.9    95.3
   1933   3   12.6     2.3      11    62.4   178.2
   1933   4   13.9     3.5       3    26.9   163.7
   1933   5   17.2     7.5       0    47.6   159.8
   1933   6   20.8    10.0       0    50.2   196.9
   1933   7   23.0    12.6       0    43.5   229.1
   1933   8   23.4    11.9       0    14.0   244.3
   1933   9   20.0     9.7       0    71.5   162.6
   1933  10   13.4     5.9       2    92.5    85.9
   1933  11    8.4     2.6       8    14.2    70.7
   1933  12    3.3    -1.2      19    17.4    44.8
   1934   1    7.9     1.0      13    70.0    55.6
   1934   2    7.9    -0.8      19     9.6   118.5
   1934   3    9.3     1.0       9    54.8   112.3
   1934   4   12.1     4.2       3    47.4   118.9
   1934   5   17.1     6.7       0    32.7   211.2
   1934   6   20.7    10.4       0    21.6   198.3
   1934   7   24.8    12.6       0    17.0   270.6
   1934   8   20.4    10.4       0    45.4   180.6
   1934   9   19.2     9.3       0    45.0   140.9
   1934  10   13.8     6.9       1    28.3    84.3
   1934  11    9.0     3.5       5    49.2    26.1
   1934  12   10.5     6.0       0   147.6    37.9
   1935   1    7.5     2.9       6    17.1    52.7
   1935   2    9.7     3.2       6    48.6    56.5
   1935   3   10.9     2.4       6    11.4   132.6
   1935   4   12.5     4.5       0   102.4   142.3
   1935   5   15.1     5.2       1    22.9   192.7
   1935   6   19.5    11.0       0    80.5   180.6
   1935   7   23.0    12.5       0     6.3   256.6
   1935   8   22.4    11.0       0    32.0   193.6
   1935   9   18.0     9.6       0    95.8   149.0
   1935  10   13.5     5.5       5    90.9    93.1
   1935  11    9.9     3.7       5   140.9    59.0
   1935  12    6.1     1.3       7    88.0    63.4
   1936   1    6.8     1.0      12   112.3    35.1
   1936   2    5.9    -1.3      18    60.6    90.4
   1936   3   10.7     3.5       4    65.4    70.0
   1936   4   10.2     2.7       2    55.5   145.0
   1936   5   16.6     6.8       0    21.4   167.9
   1936   6   19.3     9.9       0    99.9   153.5
   1936   7   18.5    11.6       0   148.8   125.2
   1936   8   21.3    11.2       0     4.3   185.4
   1936   9   18.3    10.1       0    71.0    91.0
   1936  10   13.3     4.9       2    39.0   106.4
   1936  11    8.9     2.5       7    62.4    42.0
   1936  12    8.7     3.2       4   101.2    53.3
   1937   1    8.4     2.9       7   102.3    40.3
   1937   2    8.9     3.6       3    89.1    58.4
   1937   3    7.1     0.2      16   104.5   101.4
   1937   4   13.1     5.7       0    47.5   102.3
   1937   5   16.6     7.3       0    60.5   199.2
   1937   6   19.0     9.3       0    26.9   184.0
   1937   7   20.2    12.0       0    86.5   126.1
   1937   8   22.3    10.8       0    22.2   202.4
   1937   9   18.1     8.6       0    58.6   152.6
   1937  10   13.8     6.3       0    87.5    82.8
   1937  11    7.7     1.2       8    30.2    52.6
   1937  12    5.8     0.4      12    54.7    48.1
   1938   1    9.1     3.7       0    66.9    45.1
   1938   2    8.1     2.3       3    17.6    54.1
   1938   3   14.4     3.3      11     0.5   163.1
   1938   4   13.4     1.9       7     1.5   217.6
   1938   5   15.4     6.5       0    47.8   143.2
   1938   6   19.1    10.4       0    26.7   197.4
   1938   7   19.7    10.9       0    57.9   150.5
   1938   8   20.0    11.5       0    71.4   128.5
   1938   9   18.2     8.2       0    29.3   104.9
   1938  10   14.2     7.1       0    70.6   101.2
   1938  11   12.4     6.5       0    81.5    73.6
   1938  12    7.4     1.9      11    97.3    62.1
   1939   1    7.3     2.1       6   143.9    43.4
   1939   2    9.1     2.4       6    35.3    87.2
   1939   3    9.4     3.0       3    31.3    80.0
   1939   4   13.4     3.9       0    64.4   176.9
   1939   5   16.4     6.5       0    17.9   194.2
   1939   6   19.7     9.5       0    40.8   217.5
   1939   7   18.8    11.2       0   100.3   124.1
   1939   8   21.1    11.7       0    49.7   170.8
   1939   9   18.5     9.3       0    14.4   140.9
   1939  10   12.1     3.3       3    59.8   108.1
   1939  11   12.2     6.1       2   107.3    44.4
   1939  12    5.8     0.4      12    36.5    48.8
   1940   1    1.9    -5.3      25    71.2    87.1
   1940   2    5.8    -0.2      15    55.8    17.9
   1940   3   10.9     1.8      10    40.6   121.6
   1940   4   13.7     4.4       5    99.3   126.7
   1940   5   17.9     7.2       0    55.7   198.8
   1940   6   22.3    10.8       0    16.1   280.4
   1940   7   19.7    10.5       0    72.8   166.8
   1940   8   21.1    10.3       0     6.6   207.1
   1940   9   18.6     7.3       0    18.0   183.6
   1940  10   13.2     5.8       2   107.0    65.4
   1940  11   10.2     4.2       1   158.2    70.5
   1940  12    7.0     1.1      11    33.5    47.7
   1941   1    2.8    -1.5      19   106.7    40.3
   1941   2    7.0     0.9      13    81.0    84.0
   1941   3    9.2     1.3      12    55.0    95.3
   1941   4   10.9     3.1       1    25.6   108.3
   1941   5   13.9     4.7       4    46.6   137.8
   1941   6   20.3    10.5       0    57.3   201.1
   1941   7   22.3    12.1       0    57.7   209.5
   1941   8   19.1    10.7       0    84.2   178.6
   1941   9   18.7     9.8       0    31.6   108.2
   1941  10   14.3     6.0       1    48.0   103.4
   1941  11   10.0     4.2       3    69.0    46.5
   1941  12    8.6     3.1       5    45.2    45.0
   1942   1    4.3    -1.4      19    61.3    51.4
   1942   2    3.9    -2.8      24    11.4    52.8
   1942   3    9.3     1.9       7    64.5    66.6
   1942   4   14.1     5.2       0    42.7   196.9
   1942   5   16.2     6.4       0    92.5   201.7
   1942   6   20.4     9.2       0     3.1   236.6
   1942   7   20.3    11.2       0    26.6   168.7
   1942   8   20.3    12.1       0   104.3   129.7
   1942   9   18.1     9.0       0    34.7   131.0
   1942  10   14.5     6.5       2    38.6    93.4
   1942  11    8.2     1.2       9    26.3    63.2
   1942  12    9.8     5.2       0   102.3    36.2
   1943   1    8.4     3.2       7   161.3    45.5
   1943   2    9.8     3.4       2    51.2    94.4
   1943   3   11.4     1.7      11    27.4   149.6
   1943   4   15.5     6.1       0    16.1   161.1
   1943   5   17.1     7.1       0    85.6   234.9
   1943   6   18.7    10.2       0    29.6   171.7
   1943   7   22.0    11.4       0    33.3   189.4
   1943   8   20.2    11.8       0    52.9   147.8
   1943   9   17.8     7.7       0    55.1   134.4
   1943  10   15.2     5.8       3    49.5   110.0
   1943  11    9.9     3.6       5    42.4    75.4
   1943  12    6.5     1.0      11    41.4    43.2
   1944   1    9.6     3.4       7    53.5    45.0
   1944   2    6.5     1.0       9    13.1    68.7
   1944   3   10.3     0.5      13     5.5   146.7
   1944   4   15.3     5.4       1    30.4   156.2
   1944   5   17.5     5.9       2    18.6   218.0
   1944   6   18.2     9.5       0    42.3   148.0
   1944   7   20.5    12.8       0    39.6    94.7
   1944   8   22.1    11.8       0    56.2   182.1
   1944   9   17.2     7.0       0    63.3   143.9
   1944  10   12.7     6.0       0    86.1    77.5
   1944  11    9.9     3.8       2   102.6    35.9
   1944  12    6.6     1.2      10    52.5    53.7
   1945   1    3.8    -2.0      21    38.6    65.5
   1945   2   11.1     4.5       2    45.5    76.8
   1945   3   12.8     3.0       6    19.9   147.2
   1945   4   15.7     5.5       2    30.5   203.3
   1945   5   17.4     7.9       2    48.1   157.6
   1945   6   19.2    10.5       0    64.7   174.7
   1945   7   20.8    12.4       0    70.0   146.9
   1945   8   20.4    11.7       0    59.5   147.9
   1945   9   17.7    10.9       0    46.7    68.9
   1945  10   15.3     8.0       0    85.7    84.5
   1945  11    9.7     4.4       5    10.6    24.6
   1945  12    8.2     3.3       5   142.2    37.3
   1946   1    6.2    -0.1      17    70.2    49.5
   1946   2    9.4     4.4       3    44.2    72.6
   1946   3    9.7     1.5      11    26.1   110.5
   1946   4   15.5     5.2       0    58.3   193.8
   1946   5   15.0     6.3       0    94.4   165.0
   1946   6   17.0     9.0       0    38.3   137.4
   1946   7   20.9    12.2       0    22.6   184.6
   1946   8   18.3    10.8       0   116.5   117.7
   1946   9   17.7    11.0       0   106.6   102.4
   1946  10   12.9     6.8       2    19.6    65.0
   1946  11   11.2     6.2       0   123.3    39.9
   1946  12    6.7     0.0      16    65.0    69.1
   1947   1    5.3    -0.3      18    50.1    47.6
   1947   2    0.2    -4.3      26    46.0    27.2
   1947   3    7.4     0.8      14   176.6    78.4
   1947   4   12.6     5.4       0    78.2   136.1
   1947   5   17.9     8.9       0    89.3   138.0
   1947   6   20.1    11.4       0    41.0   174.9
   1947   7   21.1    12.7       0    56.3   173.6
   1947   8   24.5    12.4       0    33.7   274.7
   1947   9   19.3    10.6       0    30.7   136.4
   1947  10   14.8     5.6       2    10.3    97.1
   1947  11   10.9     4.9       5    49.8    74.1
   1947  12    8.3     3.3       4    47.9    35.9
   1948   1    9.0     3.5       3   111.1    43.9
   1948   2    7.6     2.4      11    22.3    86.5
   1948   3   13.7     3.4       4    35.2   166.9
   1948   4   14.0     3.9       2    65.2   193.7
   1948   5   17.2     5.8       0    93.0   273.2
   1948   6   18.0    10.4       0    43.0   163.1
   1948   7   20.5    11.8       0    17.9   188.0
   1948   8   18.9    11.9       0    87.3   125.9
   1948   9   18.3    10.7       0    63.8   146.6
   1948  10   14.1     6.6       2    79.8   100.6
   1948  11   11.1     4.8       3    46.5    59.7
   1948  12    9.0     2.9       7   118.0    78.1
   1949   1    9.0     3.4       4    24.6    52.5
   1949   2   10.0     1.8       8    28.4   114.4
   1949   3    9.5     2.0       9    27.0   130.2
   1949   4   14.5     6.3       1    65.1   167.4
   1949   5   16.3     6.6       1    60.1   224.7
   1949   6   21.2    10.2       0     8.5   259.8
   1949   7   23.7    12.5       0    10.0   246.9
   1949   8   22.4    12.1       0    20.6   196.7
   1949   9   20.7    12.1       0    64.3   137.2
   1949  10   15.7     8.6       1   155.9   100.0
   1949  11    9.8     3.9       5    78.2    59.0
   1949  12    9.1     3.5       5    35.3    62.8
   1950   1    7.0     1.9      11     7.7    41.6
   1950   2    9.3     2.6       4   138.6    61.8
   1950   3   11.8     3.6       2    40.0   118.8
   1950   4   12.2     4.4       2    46.9   164.0
   1950   5   15.8     7.3       0    40.1   178.1
   1950   6   21.1    11.7       0    39.0   244.6
   1950   7   19.8    12.0       0    68.7   167.4
   1950   8   19.4    11.7       0    90.8   169.4
   1950   9   16.8     9.9       0    67.2   114.4
   1950  10   13.5     6.6       5    20.4    95.7
   1950  11    8.7     2.9       5   125.2    51.9
   1950  12    4.1    -0.7      21    37.2    66.7
   1951   1    7.0     2.0       9    66.4    46.0
   1951   2    6.9     1.5       4   108.0    57.5
   1951   3    7.6     1.3       7    93.8    77.4
   1951   4   11.5     3.5       1    55.0   196.2
   1951   5   14.1     6.3       0    80.9   148.1
   1951   6   18.9     9.6       0    18.8   225.2
   1951   7   21.6    11.5       0    18.0   192.7
   1951   8   18.9    11.2       0    84.3   145.3
   1951   9   17.9    10.6       0    85.7    89.3
   1951  10   13.3     5.6       4    20.8   104.1
   1951  11   11.4     5.7       3   180.8    66.5
   1951  12    9.4     3.2       5    70.0    64.5
   1952   1    6.4     0.3      10    50.4    95.8
   1952   2    7.1    -0.2      11     9.8    89.8
   1952   3   10.3     4.2       6    47.0   100.7
   1952   4   14.4     4.8       3    51.5   156.0
   1952   5   17.9     8.8       0    94.1   197.0
   1952   6   19.1     9.9       0    40.8   199.2
   1952   7   21.5    12.6       0    27.9   186.3
   1952   8   20.3    12.2       0   122.5   161.8
   1952   9   15.1     6.9       0    46.6   131.3
   1952  10   12.8     5.9       4    91.6   100.9
   1952  11    7.2     1.7       8    95.5    78.7
   1952  12    6.6     0.3      13    39.1    63.9
   1953   1    6.1     0.2      15    15.6    40.2
   1953   2    7.5     1.4       8    34.5    65.3
   1953   3    9.7     0.8      14    24.0   116.1
   1953   4   11.9     3.4       1    76.3   181.7
   1953   5   17.7     8.4       0    51.1   219.0
   1953   6   18.7     9.9       0    42.5   142.3
   1953   7   19.9    12.0       0    55.4   195.5
   1953   8   20.9    11.8       0    71.9   197.7
   1953   9   17.9    10.0       0    78.4   132.3
   1953  10   13.6     5.2       2    65.0    86.3
   1953  11   11.5     5.7       1    38.3    52.3
   1953  12    9.6     5.0       3    30.3    36.2
   1954   1    5.9     0.2      16    43.7    64.4
   1954   2    6.5     0.7       8    55.0    70.1
   1954   3    9.6     3.0       4    69.1   104.0
   1954   4   12.9     3.3       1     5.1   207.6
   1954   5   15.4     7.3       0    56.5   135.4
   1954   6   17.2    10.4       0   118.4   146.7
   1954   7   18.0    11.3       0    38.2   116.8
   1954   8   18.6    10.9       0    66.4   137.9
   1954   9   17.2     9.4       0    42.2   164.2
   1954  10   15.5     9.2       2    78.1    80.8
   1954  11   10.6     4.1       3   177.8    50.2
   1954  12   10.0     4.8       2    51.0    57.2
   1955   1    5.7    -0.1      15    82.8    35.2
   1955   2    4.6    -1.1      19    36.7    83.1
   1955   3    7.4    -0.5      21    54.0   159.3
   1955   4   14.2     5.6       1    22.8   174.0
   1955   5   14.2     6.2       0   130.0   207.2
   1955   6   18.2    10.2       0    96.7   126.8
   1955   7   23.3    12.3       0    15.0   274.5
   1955   8   23.6    13.2       0    14.0   186.1
   1955   9   19.3     9.6       0    26.9   157.5
   1955  10   14.0     4.5       6    33.2   128.3
   1955  11    9.9     3.7       9    89.0    50.1
   1955  12    9.5     3.1       4    81.9    35.2
   1956   1    7.3     1.3      11    83.1    59.4
   1956   2    3.1    -3.4      22     9.9    74.2
   1956   3   11.0     2.2      10    17.5   146.3
   1956   4   12.1     3.1       3    69.0   175.0
   1956   5   17.1     6.7       1    13.7   228.4
   1956   6   18.1     9.8       0    45.0   159.3
   1956   7   20.5    12.3       0    98.9   187.3
   1956   8   18.0    10.1       0    74.5   159.8
   1956   9   18.0    11.1       0    91.4    72.4
   1956  10   13.4     5.5       1    36.5   101.9
   1956  11    9.2     3.3       7    23.3    52.3
   1956  12    8.5     3.2       9   109.7    25.6
   1957   1    8.5     3.2       5    41.6    42.1
   1957   2    9.0     2.4       8    68.4    74.2
   1957   3   13.8     6.0       2    51.3    98.4
   1957   4   13.5     5.1       0     0.0   139.8
   1957   5   15.4     6.2       0    34.5   211.4
   1957   6   22.0     9.6       0    19.6   306.2
   1957   7   20.9    13.1       0    57.5   130.7
   1957   8   20.4    12.0       0    53.9   153.1
   1957   9   16.7     9.6       0    81.2   112.0
   1957  10   14.9     7.1       0    32.9    70.2
   1957  11    8.8     3.2       7    60.5    64.4
   1957  12    7.3     1.1      11    71.0    52.6
   1958   1    6.9     0.7      12    55.6    62.0
   1958   2    9.2     2.3       7   125.6    52.5
   1958   3    7.5     0.8      14    25.9    98.1
   1958   4   12.1     3.6       6    14.1   143.9
   1958   5   16.3     7.9       0    54.7   198.3
   1958   6   18.7    10.0       0    94.8   140.5
   1958   7   20.7    12.0       0    55.5   176.7
   1958   8   20.2    12.4       0    48.2   121.6
   1958   9   18.5    11.2       0   158.0    95.0
   1958  10   14.1     8.4       0    86.5    95.6
   1958  11    9.2     3.5       5    78.6    38.4
   1958  12    7.5     2.6       5    81.2    34.3
   1959   1    5.3    -0.5      18   122.0    83.5
   1959   2    7.3     1.5      10     3.8    51.3
   1959   3   10.9     4.4       2    73.4    96.3
   1959   4   13.9     5.8       0    75.2   152.2
   1959   5   18.1     7.8       0    35.5   210.5
   1959   6   20.2    10.5       0    19.0   224.9
   1959   7   22.5    12.4       0    51.5   237.5
   1959   8   22.4    12.0       0    24.7   205.7
   1959   9   21.2     8.6       1     2.0   199.7
   1959  10   17.3     7.9       0    47.9   131.4
   1959  11   10.2     4.2       5   127.4    52.8
   1959  12    9.1     3.7       2   186.0    41.9
   1960   1    6.9     1.8      11   117.0    26.7
   1960   2    7.3     1.9       9    73.1    77.1
   1960   3    9.6     3.7       1    53.8    69.3
   1960   4   13.6     5.2       2    48.4   150.0
   1960   5   17.8     8.6       0    42.8   169.3
   1960   6   21.5    11.5       0    63.6   255.5
   1960   7   19.2    11.6       0    55.4   138.9
   1960   8   19.6    11.1       0    65.9   155.1
   1960   9   16.9     9.2       0   104.9   116.5
   1960  10   13.3     7.4       1   170.0    59.4
   1960  11   10.5     4.6       3   128.1    64.4
   1960  12    6.8     2.0       6    72.8    58.5
   1961   1    6.8     1.7       6    70.0    32.8
   1961   2   10.5     5.1       1    46.5    64.6
   1961   3   13.6     2.9       6     0.6   161.2
   1961   4   14.0     6.9       0   118.1    73.4
   1961   5   15.9     6.7       0    16.5   193.5
   1961   6   20.0     9.1       0    44.7   245.1
   1961   7   20.1    11.1       0    39.0   172.5
   1961   8   20.4    11.8       0    38.0   182.4
   1961   9   19.5    10.7       0    52.4   123.9
   1961  10   14.5     7.0       3    75.9   115.0
   1961  11    9.1     2.7       5    32.7    58.9
   1961  12    4.9    -0.1      17    96.4    59.5
   1962   1    7.7     1.5       6    87.0    73.5
   1962   2    8.0     2.1       8     7.5    73.8
   1962   3    7.2    -1.5      20    27.5   123.9
   1962   4   12.1     4.1       1    49.5   151.2
   1962   5   14.4     6.6       1    46.4   161.1
   1962   6   19.3     9.2       0     2.8   252.8
   1962   7   19.4    11.2       0    41.4   125.5
   1962   8   18.3    11.0       0    91.2   127.9
   1962   9   16.5     9.3       0    82.0   116.0
   1962  10   14.3     6.1       1    14.2   100.6
   1962  11    8.3     2.6       9    55.2    44.0
   1962  12    4.9    -0.9      18    40.3    58.7
   1963   1   -0.2    -6.7      30    19.4    74.1
   1963   2    2.2    -4.3      25    41.1    74.8
   1963   3    9.6     2.6       7    91.6    95.6
   1963   4   12.5     5.2       0    71.6   107.4
   1963   5   15.0     6.6       0    46.8   161.5
   1963   6   19.3    10.9       0    57.7   194.3
   1963   7   19.7    11.3       0    44.5   164.7
   1963   8   18.4    10.6       0    52.3   132.3
   1963   9   17.4     9.0       0    49.1   124.8
   1963  10   14.4     8.1       0    35.8    73.9
   1963  11   11.3     5.7       1   144.9    53.3
   1963  12    5.2    -0.2      14    25.0    47.1
   1964   1    5.8     0.5      13    13.9    39.1
   1964   2    7.5     2.0       8    26.6    54.1
   1964   3    7.5     2.0       6    60.1    61.4
   1964   4   12.6     5.0       4    41.1   111.7
   1964   5   17.4     9.0       0    39.7   161.1
   1964   6   18.1    10.1       0    49.8   133.7
   1964   7   20.8    11.5       0    17.3   166.1
   1964   8   20.6    10.8       0    34.9   174.5
   1964   9   20.0     9.0       0    15.8   193.9
   1964  10   12.9     4.1       5    52.7   105.0
   1964  11   11.0     5.0       3    28.7    51.6
   1964  12    6.6     0.1      15    90.4    43.9
   1965   1    6.7     1.5      12    69.2    76.6
   1965   2    5.7     0.4      12     3.5    25.0
   1965   3    9.9     1.0      13    62.9   136.6
   1965   4   13.1     4.0       2    35.0   147.3
   1965   5   16.2     7.5       0    39.2   159.5
   1965   6   19.1    10.0       0    65.6   176.9
   1965   7   18.2    10.5       0   120.1    98.4
   1965   8   19.9    11.0       0    33.1   172.2
   1965   9   16.2     8.4       0   105.2   111.5
   1965  10   14.4     7.0       0    41.1    84.5
   1965  11    7.9     2.2      10    75.0    75.3
   1965  12    8.6     2.3       9    95.5    69.8
   1966   1    5.4     1.0      13    44.2    32.3
   1966   2    8.4     4.2       2   106.1    35.9
   1966   3   10.6     2.6       6    23.8   128.5
   1966   4   10.7     4.3       3    93.6    82.5
   1966   5   16.1     6.9       0    54.0   228.3
   1966   6   20.1    11.2       0    30.2   145.2
   1966   7   19.9    11.0       0    34.4   144.5
   1966   8   19.7    10.9       0    79.9   159.7
   1966   9   18.2     9.6       0    29.9   148.5
   1966  10   14.1     6.6       2   106.7    97.5
   1966  11    8.4     2.7       6    79.1    47.9
   1966  12    9.7     3.7       2    54.2    48.3
   1967   1    7.4     2.4      10    59.0    55.9
   1967   2    9.1     2.1       9    82.6    91.8
   1967   3   11.0     4.2       2    51.5   157.2
   1967   4   12.4     4.5       1    18.1   110.1
   1967   5   14.7     7.0       1   157.0   164.0
   1967   6   19.8     9.7       0    11.1   227.7
   1967   7   21.9    12.4       0    20.0   191.8
   1967   8   20.4    11.6       0    69.8   154.3
   1967   9   17.6    10.5       0    81.6   116.5
   1967  10   14.0     8.6       0   134.6    88.8
   1967  11    8.7     2.7       6    39.1    70.1
   1967  12    7.4     1.5      12    62.4    64.4
   1968   1    7.8     2.2       6    60.4    46.1
   1968   2    4.5    -0.7      17    37.5    47.4
   1968   3   10.4     3.0       7    41.4   130.6
   1968   4   12.7     3.6       8    56.3   158.5
   1968   5   14.5     5.6       1    62.9   143.0
   1968   6   19.7    10.8       0    55.8   193.5
   1968   7   19.8    11.2       0   120.7   164.8
   1968   8   19.7    12.0       0    28.3   128.5
   1968   9   17.7    10.2       0   121.6   105.7
   1968  10   15.6    10.2       0    73.2    62.4
   1968  11    9.1     4.4       4    81.9    48.2
   1968  12    5.7     1.3      11    84.2    46.3
   1969   1    8.5     3.1       7    63.9    33.9
   1969   2    3.9    -1.4      16    67.6    60.9
   1969   3    7.1     0.8       7    60.9    71.0
   1969   4   13.1     3.4       6    41.5   218.7
   1969   5   15.5     7.6       0   119.5   125.1
   1969   6   19.5     9.1       0    38.3   262.9
   1969   7   22.3    11.9       0    59.1   245.6
   1969   8   20.8    12.6       0    52.7   150.5
   1969   9   17.3     9.7       1    35.6    83.5
   1969  10   16.7     8.9       0     8.9    96.0
   1969  11    9.3     3.0       6    71.0    87.1
   1969  12    6.4     0.6      16    40.0    40.0
   1970   1    7.3     1.5      10   146.2    45.1
   1970   2    6.7     0.5      12    51.9   100.2
   1970   3    7.7     1.2      12    49.9   108.6
   1970   4   10.9     3.3       5    36.1   125.6
   1970   5   18.0     8.6       0    40.0   182.5
   1970   6   21.3    11.1       0   114.6   218.5
   1970   7   19.8    11.4       0    43.8   164.8
   1970   8   20.4    11.4       0    97.6   140.8
   1970   9   19.2    10.4       0    41.2   138.6
   1970  10   14.4     7.0       1    18.6    80.9
   1970  11   11.5     5.5       1   136.8    60.8
   1970  12    6.7     1.6      14    22.0    39.8
   1971   1    7.2     2.4       7   124.7    25.8
   1971   2    8.0     1.3       9    18.3    65.8
   1971   3    8.8     2.3       6    66.0    94.6
   1971   4   12.0     4.0       0    46.3   101.4
   1971   5   17.0     7.0       0    49.3   234.4
   1971   6   16.7     9.1       0   115.4   136.8
   1971   7   23.0    11.9       0    17.9   232.2
   1971   8   20.1    12.3       0    84.7   128.8
   1971   9   20.1     9.2       0    25.9   185.9
   1971  10   15.9     7.2       0    53.8   135.0
   1971  11   10.4     2.1      11    48.1   101.2
   1971  12    8.9     4.5       3    29.0    32.9
   1972   1    6.6     2.0       8    91.7    45.9
   1972   2    7.4     2.2       4    94.6    39.8
   1972   3   11.2     2.8       2    66.3   134.5
   1972   4   12.6     5.1       0    36.4   140.9
   1972   5   14.3     7.2       0    63.8   121.8
   1972   6   16.0     7.9       0    37.9   130.1
   1972   7   20.6    11.4       0    22.8   166.8
   1972   8   20.6    10.8       0    22.7   180.0
   1972   9   16.3     7.1       0    48.1    90.5
   1972  10   14.1     6.9       2    45.1    63.8
   1972  11   10.3     3.3       8    71.4    89.9
   1972  12    8.6     3.4       3   120.6    39.9
   1973   1    7.5     2.7       7    31.4    36.8
   1973   2    8.0     1.5      10    13.7    74.7
   1973   3   11.0     1.7       9    17.9   145.7
   1973   4   11.9     3.6       2    47.9   166.1
   1973   5   16.1     7.3       0    70.1   162.9
   1973   6   20.1    10.1       0    56.7   207.7
   1973   7   20.6    11.5       0    58.9   161.0
   1973   8   21.9    12.0       0    33.9   165.0
   1973   9   19.0    10.0       0    58.3   138.4
   1973  10   13.2     5.5       2    28.8    81.9
   1973  11   10.2     3.4      10    33.6    85.5
   1973  12    8.8     2.7      10    27.5    58.9
   1974   1    9.2     3.6       3   146.8    47.9
   1974   2    8.8     2.9       5   108.9    56.0
   1974   3    9.3     2.3       5    32.4    92.8
   1974   4   12.7     3.9       1     2.7   125.6
   1974   5   15.9     6.5       0    35.4   180.1
   1974   6   18.7     9.4       0    62.4   188.9
   1974   7   19.3    11.5       0    45.1   151.3
   1974   8   20.2    10.1       0    64.2   190.3
   1974   9   16.0     8.7       0   102.6   119.5
   1974  10   11.3     5.1       1    36.4    89.6
   1974  11   10.2     4.0       2    82.5    63.4
   1974  12   11.3     6.2       0    31.8    53.0*
   1975   1   10.0     4.7       1    92.4    37.8*
   1975   2    7.3     1.8       6    35.0    56.8*
   1975   3    8.1     2.3       7    71.3    80.6*
   1975   4   13.0     5.0       5    36.6   123.9*
   1975   5   15.1     5.9       0    32.4   175.5*
   1975   6   21.2     9.2       0    14.9   274.5*
   1975   7   22.9    12.8       0    53.4   221.0*
   1975   8   24.5*   13.3*      0*   48.2*  217.9*
   1975   9   18.0*    8.9*      0*   72.9*  138.0*
   1975  10   14.1*    6.1*      1*   26.1*  114.7*
   1975  11   10.1*    3.1*      7*   32.6*   90.0*
   1975  12    8.1*    2.2*      8*   24.9*   36.9*
   1976   1    8.9*    3.6*      7*   12.9*   52.4*
   1976   2    7.6*    2.1*      9*   33.7*   45.8*
   1976   3    8.8*    1.4*     12*   35.8*  107.3*
   1976   4   13.0*    4.2*      4*    8.8*  148.2*
   1976   5   17.0*    7.7*      0*   47.9*  180.1*
   1976   6   23.3*   11.7*      0*   20.3*  236.7*
   1976   7   25.0*   12.6*      0*   12.7*  278.4*
   1976   8   24.6*   11.4*      0*   67.1*  248.6*
   1976   9   17.5*    9.5*      0*  162.4*   90.6*
   1976  10   13.7*    7.4*      0*  125.2*   56.1*
   1976  11    9.5*    3.1*      6*   51.5*   63.0*
   1976  12    4.4*   -0.6*     17*   89.5*   52.1*
   1977   1    5.5*    0.2*     15*   79.5*   41.2*
   1977   2    8.4*    2.6*      4*  120.0*   67.8*
   1977   3   10.5*    4.2*      3*   63.8*   82.8*
   1977   4   11.7*    3.7*      5*   33.0*  167.4*
   1977   5   16.1*    5.8*      1*   42.2*  235.6*
   1977   6   17.3*    8.4*      0*   99.5*  150.9*
   1977   7   21.1*   11.6*      0*    6.2*  200.3*
   1977   8   19.9*   11.3*      0*  133.5*  138.9*
   1977   9   17.0*    9.5*      0*   16.3*   96.6*
   1977  10   15.1*    8.2*      0*   40.3*   82.5*
   1977  11    9.7*    3.5*      7*   63.8*   99.9*
   1977  12    8.9*    4.1*      3*   78.1*   45.3*
   1978   1    6.6*    1.2*     10*   83.5*   56.4*
   1978   2    5.9*    0.0*     15*   55.0*   47.3*
   1978   3   10.9*    3.4*      4*   62.3*  124.9*
   1978   4   10.2*    3.0*      5*   40.2*  101.1*
   1978   5   16.9*    7.1*      0*   31.4*  188.8*
   1978   6   18.6*    9.7*      0*   39.7*  163.2*
   1978   7   19.6*   11.3*      0*   68.1*  151.6*
   1978   8   19.8*   11.3*      0*   55.6*  140.1*
   1978   9   18.5*   10.0*      0*   31.2*  155.7*
   1978  10   15.7*    7.9*      0*   10.4*   82.8*
   1978  11   12.0*    5.2*      5*   40.3*   77.4*
   1978  12    6.9*    2.0*     13*  144.0*   36.3*
   1979   1    3.4*   -3.4*     24*   81.0*   61.1*
   1979   2    4.1*   -1.1*     19*   57.2*   58.0*
   1979   3    8.2*    2.2*      7*   86.9*   86.8*
   1979   4   12.4*    4.3*      4*   45.7*  117.9*
   1979   5   14.3*    5.9*      4*   93.8*  165.2*
   1979   6   19.0*    9.8*      0*   28.6*  174.3*
   1979   7   21.8*   11.9*      0*   19.1*  182.9*
   1979   8   19.1*   10.7*      0*   67.5*  164.9*
   1979   9   18.0*    8.7*      0*   23.4*  157.2*
   1979  10   15.1*    7.3*      0*   50.2*  101.4*
   1979  11   10.6*    3.6*      7*   55.8*   63.6*
   1979  12    9.0*    3.4*      7*  147.9*   59.5*
   1980   1    5.4*   -0.7*     19*   47.7*   64.8*
   1980   2    9.4*    3.3*      4*   65.0*   53.7*
   1980   3    8.5*    2.3*      7*   81.6*   77.2*
   1980   4   14.0*    4.8*      3*    9.6*  171.6*
   1980   5   17.3*    6.3*      1*   29.8*  211.1*
   1980   6   18.4*    9.9*      0*   87.8*  159.3*
   1980   7   19.2*   10.7*      0*   45.6*  147.9*
   1980   8   20.6*   12.1*      0*   68.2*  152.2*
   1980   9   18.8*   11.2*      0*   53.5*  140.7*
   1980  10   12.9*    5.4*      2*   95.8*  103.2*
   1980  11    9.2*    4.3*      7*   53.4*   65.4*
   1980  12    9.1*    2.8*      8*   44.7*   71.6*
   1981   1    8.2*    2.4*      9*   22.0*   41.9*
   1981   2    6.4*    0.2*     17*   35.3*   66.1*
   1981   3   11.2*    5.9*      1*   92.3*   72.2*
   1981   4   12.5*    4.0*      3*   43.9*  113.1*
   1981   5   15.6*    7.5*      1*   77.8*   99.5*
   1981   6   17.9*   10.0*      0*   34.5*  152.4*
   1981   7   20.7*   11.7*      0*   19.9*  161.2*
   1981   8   22.6*   11.8*      0*   53.2*  194.7*
   1981   9   19.4*    9.9*      0*  151.8*  155.1*
   1981  10   12.4*    5.1*      2*   67.4*  106.6*
   1981  11   11.3*    4.6*      3*   37.6*   52.2*
   1981  12    3.3*   -2.3*     20*  131.6*   44.0*
   1982   1    5.8*   -0.4*     13*   89.7*   49.9*
   1982   2    8.2*    2.3*      8*   41.7*   39.2*
   1982   3   10.5*    2.5*      5*   68.7*  138.0*
   1982   4   14.2*    4.4*      3*   20.5*  178.5*
   1982   5   17.5*    6.6*      2*   31.2*  204.6*
   1982   6   20.6*   11.6*      0*   90.0*  176.1*
   1982   7   21.6*   12.2*      0*   47.6*  168.6*
   1982   8   20.3*   12.1*      0*   74.7*  162.1*
   1982   9   19.4*   10.0*      0*   85.8*  136.5*
   1982  10   13.7*    7.1*      1*   69.7*   66.3*
   1982  11   11.0*    5.5*      4*   96.0*   65.4*
   1982  12    7.8*    1.5*     11*   70.0*   38.1*
   1983   1   10.0*    4.4*      2*   56.2*   44.0*
   1983   2    4.9*   -0.7*     18*   21.1*   64.4*
   1983   3   10.5*    3.2*      3*   36.0*   84.0*
   1983   4   11.7*    2.9*      4*   99.2*  155.4*
   1983   5   14.7*    6.9*      0*   97.1*  112.2*
   1983   6   19.7*   10.5*      0*   15.0*  178.8*
   1983   7   26.7*   14.0*      0*   40.7*  263.5*
   1983   8   23.8*   12.4*      0*   19.7*  225.1*
   1983   9   17.6*   10.5*      0*   86.2*  105.9*
   1983  10   14.4*    7.1*      3*   54.5*  116.9*
   1983  11   10.7*    5.0*      6*   21.9*   36.3*
   1983  12    9.1*    3.2*      7*   86.8*   61.7*
   1984   1    7.3*    1.3*     10*  100.5*   70.4*
   1984   2    6.8*    0.8*     10*   31.5*   55.7*
   1984   3    8.3*    2.2*      5*   40.2*   64.8*
   1984   4   14.4*    2.8*      7*    1.1*  242.4*
   1984   5   15.6*    5.8*      1*   57.7*  148.5*
   1984   6   20.7*   10.1*      0*   32.7*  244.2*
   1984   7   23.9*   11.0*      0*   14.9*  291.7*
   1984   8   23.2*   12.9*      0*   59.2*  204.0*
   1984   9   17.9*   10.4*      0*   67.8*  109.8*
   1984  10   15.0*    7.9*      1*   69.4*   93.9*
   1984  11   11.0*    5.4*      2*  128.7*   39.6*
   1984  12    8.4*    2.6*      8*   59.1*   64.2*
   1985   1    3.9*   -2.2*     24*   64.7*   61.7*
   1985   2    5.5*   -0.4*     14*   43.6*   80.6*
   1985   3    9.2*    1.4*     11*   47.3*  108.8*
   1985   4   13.2*    4.8*      2*   40.5*  137.7*
   1985   5   15.8*    7.0*      0*   58.4*  176.4*
   1985   6   17.4     8.5       0   137.1   192.1
   1985   7   21.1    11.5       0    43.9   210.1
   1985   8   18.7    11.6       0    67.5   176.0
   1985   9   19.4    10.7       0    17.7   148.3
   1985  10   14.3*    7.4       0    50.5    88.4
   1985  11    7.5*    1.0      12    41.5    84.0
   1985  12    9.5     4.3       6   105.8    40.2
   1986   1    6.8     1.2      12   124.1    54.1
   1986   2    1.6    -3.5      24     5.7    77.1
   1986   3    9.4     2.0       6    41.0   127.5
   1986   4   10.0     2.6       5    74.5   149.6
   1986   5   15.6     7.6       0    85.8   197.6
   1986   6   20.3    10.2       0    36.9   214.2
   1986   7   21.2    11.7       0    31.3   192.7
   1986   8   17.6     9.8       0   128.7   132.0
   1986   9   16.8     5.5       1    19.0   171.8
   1986  10   15.0     6.9       1    51.4   112.4
   1986  11   11.4     4.5       2    89.9    78.1
   1986  12    9.9     2.9       8    80.2    60.2
   1987   1    3.3    -1.6      20    14.1    54.6
   1987   2    7.7     0.8      12    44.3    68.7
   1987   3    7.9     1.5      13    69.8    98.4
   1987   4   15.7     6.2       1    63.0   184.0
   1987   5   15.5     6.0       0    35.1   194.2
   1987   6   17.9     9.5       0    77.2   140.6
   1987   7   21.4    11.8       0    33.8   193.1
   1987   8   21.3    11.8       0    39.2   177.4
   1987   9   18.5     9.9       0    32.3   153.6
   1987  10   13.5     5.8       5   142.1   100.0
   1987  11    9.4     4.4       3    71.6    47.6
   1987  12    8.0     3.5       7    36.2    33.4
   1988   1    8.6     3.5       1   116.6    60.0
   1988   2    8.5     2.0       3    44.5   110.9
   1988   3   10.5     4.1       4    45.7   106.7
   1988   4   12.9     4.4       3    27.7   131.3
   1988   5   17.7     7.6       0    39.7   202.4
   1988   6   19.9    10.5       0    40.5   189.8
   1988   7   18.4    11.9       0    89.9   157.3
   1988   8   19.7    10.7       0    67.7   187.1
   1988   9   17.6     9.8       0    17.3   146.1
   1988  10   14.2     6.9       3    57.3   103.2
   1988  11    9.5     0.6      16    24.5    76.5
   1988  12   10.6     5.4       4    10.7    34.3
   1989   1    9.7     3.1       8    32.7    75.3
   1989   2   10.0     2.9       3    87.4    86.6
   1989   3   11.8     4.5       2    56.6   120.3
   1989   4   11.3     2.9       6    73.1   144.7
   1989   5   19.5     8.3       0    27.8   251.7
   1989   6   21.2     9.7       0    22.8   248.8
   1989   7   25.0    13.2       0    37.8   302.5
   1989   8   22.7    12.0       0    42.6   256.2
   1989   9   19.4    10.3       0    41.3   132.2
   1989  10   15.3     8.6       0   103.5    74.8
   1989  11    9.9*    3.2       7    52.5    77.7
   1989  12    7.9     2.8       5   150.7    12.5
   1990   1   10.1     4.1       6   139.8    54.8
   1990   2   11.1     5.4       1   136.9    81.5
   1990   3   12.8     4.7       4    13.7   146.9
   1990   4   14.0     3.1       4    26.2   203.1
   1990   5   19.3     7.3       0    16.1   259.4
   1990   6   18.1    10.7       0    54.0   117.0
   1990   7   24.0    12.1       0    14.6   304.8
   1990   8   24.0    13.3       0    18.1   217.7
   1990   9   18.7     9.0       0    51.6   169.0
   1990  10   15.6     9.1       0    74.4    98.1
   1990  11   10.1     4.2       4    35.1    61.4
   1990  12    7.1     1.8      10    78.0    42.1
   1991   1    6.5     1.0      10   105.4    72.4
   1991   2    5.9    -1.4      19    41.7    58.2
   1991   3   12.1     5.0       3    76.2    97.9
   1991   4   12.6     4.5       3    66.1   146.6
   1991   5   16.6     7.6       0     7.1   145.4
   1991   6   16.4     8.7       0    76.4   138.8
   1991   7   22.0    13.4       0    78.2   205.2
   1991   8   22.8    12.4       0     9.8   230.4
   1991   9   20.4    10.1       0    59.9   176.4
   1991  10   13.5     7.3       0    60.7    83.5
   1991  11   10.0     4.5       4    84.9    51.1
   1991  12    7.1     1.8       9    10.6    18.5
   1992   1    5.7     1.4      13    97.0    27.4
   1992   2    9.1     2.8       7    19.8    56.2
   1992   3   11.6     4.8       2    35.1    76.8
   1992   4   13.4     5.5       2    45.3   139.3
   1992   5   19.9     8.7       0    26.2   285.3
   1992   6   22.4    10.5       0    40.6   212.7
   1992   7   21.0    12.8       0    59.6   159.9
   1992   8   19.8    11.8       0   120.8   172.5
   1992   9   17.2    10.4       0    46.7   110.6
   1992  10   11.6     4.7       4    49.2    98.8
   1992  11   11.1     5.0       1   113.3    56.9
   1992  12    6.7     1.4      13    65.2    42.8
   1993   1    9.5     3.5       5    97.1    33.4
   1993   2    7.5     2.1       7     4.1    50.2
   1993   3   10.9     2.9       8    18.3   118.6
   1993   4   13.8     5.6       2    63.9    98.3
   1993   5   16.6     6.9       1    70.1   182.1
   1993   6   20.9    10.3       0    79.4   224.2
   1993   7   20.4    11.3       0    55.0   223.2
   1993   8   20.3     9.9       0    18.0   202.7
   1993   9   16.9     8.2       0   105.9   102.0
   1993  10   12.1     4.5       6    90.5   116.3
   1993  11    7.8     2.3       8    50.9    42.6
   1993  12    9.1     3.2       5    95.8    48.0
   1994   1    8.7     3.2       5    67.4    66.9
   1994   2    6.7     0.7      10    89.3    63.1
   1994   3   11.5     5.3       1    40.7   139.8
   1994   4   12.7     4.5       2    30.8   171.0
   1994   5   15.5     7.1       0    74.8   141.9
   1994   6   20.0    10.0       0    14.8   246.1
   1994   7   24.2    13.0       0    24.5   258.3
   1994   8   20.7    12.9       0    59.1   193.1
   1994   9   16.7    10.2       0   104.4   112.4
   1994  10   14.1     6.8       0    61.7   109.3
   1994  11   13.0     8.1       0    64.7    35.4
   1994  12    9.9     4.1       5   118.0    41.4
   1995   1    8.4     2.0       6   133.0    52.2
   1995   2   10.1     3.8       1    65.4    70.3
   1995   3   10.5     1.7      10    28.9   178.0
   1995   4   14.7     4.8       3    26.0   199.8
   1995   5   17.4     7.0       1    62.6   232.1
   1995   6   20.2     9.9       0     9.4   224.5
   1995   7   24.4    13.3       0    21.7   221.9
   1995   8   26.7    13.2       0     6.2   304.3
   1995   9   18.1     9.8       0    92.1   135.2
   1995  10   17.0    10.1       0    60.8   118.0
   1995  11   11.2     4.2       9    88.8    76.5
   1995  12    4.8    -0.2      15    84.6    42.2
   1996   1    6.4     3.0       8    85.7    17.0
   1996   2    6.4    -0.4      18    67.0    91.9
   1996   3    8.1     2.1       6    73.2    54.8
   1996   4   13.9     4.8       4    47.6   139.1
   1996   5   14.4     5.3       1    40.6   183.1
   1996   6   20.7     9.4       0    21.9   269.1
   1996   7   23.0    11.9       0    15.1   254.6
   1996   8   22.0    12.1       0    79.8   214.7
   1996   9   18.6     9.5       0    23.9   151.9
   1996  10   15.4     8.8       0    63.4   100.4
   1996  11    9.6     2.6      12    67.3    81.1
   1996  12    5.4     0.6      13    23.2    44.8
   1997   1    5.2    -0.2      16     9.0    36.3
   1997   2   10.4     3.9       3    95.0    70.5
   1997   3   12.6     4.6       1    25.6   137.1
   1997   4   14.7     4.8       1    25.9   177.9
   1997   5   17.1     7.0       0    49.8   240.6
   1997   6   18.7    10.8       0   103.9   122.2
   1997   7   22.5    11.9       0    17.2   251.9
   1997   8   23.8    14.6       0   130.0   181.1
   1997   9   18.8    10.1       0    21.7   145.6
   1997  10   14.4     5.9       8    57.1   138.9
   1997  11   11.8     6.0       3    95.5    48.5
   1997  12    9.0     3.5       6    60.9    44.1
   1998   1    8.1     3.0       7   124.3    48.1*
   1998   2   11.3     4.3       3    12.6    92.7*
   1998   3   12.1     5.1       1    75.6    84.6*
   1998   4   11.9     4.5       2   122.0   111.9*
   1998   5   19.2     8.7       0     9.9   243.3
   1998   6   18.5    11.3       0    89.4   152.3
   1998   7   20.3    12.1       0    16.4   177.2
   1998   8   21.7    11.3       0    28.6   241.5
   1998   9   19.2    11.4       0    83.0   134.4
   1998  10   14.2     7.6       1   108.8    96.9
   1998  11    9.9     3.3       6    50.1    78.9
   1998  12    9.2     2.5      10    60.5    34.7
   1999   1    9.2     3.2       5   129.1    50.7
   1999   2    8.9     2.7       6    32.1    78.4
   1999   3   11.2     3.9       1    47.2   100.4
   1999   4   14.0     5.9       4    75.4   151.2
   1999   5   17.5     9.4       0    55.6   149.1
   1999   6   19.3*    9.4       0    49.2   200.2
   1999   7   24.0    13.1       0     6.4   261.7
   1999   8   21.2    12.3       0   116.9   174.6
   1999   9   20.2    11.2       0   112.8   178.3
   1999  10   14.8     6.9       0    82.6   129.6
   1999  11   10.9     4.9       1    43.0    70.3
   1999  12    8.6     0.6      10   100.2    62.2
   2000   1    8.4     0.5      15    21.9    54.7
   2000   2   10.2     3.3       5    68.8   100.9
   2000   3   12.0     4.4       1    20.3   137.2
   2000   4   12.2     4.1       3   172.0   143.3
   2000   5   16.9     7.8       0    57.4   181.9
   2000   6   20.2    11.4       0    31.4   177.2
   2000   7   21.0    11.8       0    36.1   179.3
   2000   8   21.9    12.1       0    46.9   228.1
   2000   9   19.4    11.2       0    85.1   122.6
   2000  10   14.0     7.1       0   137.5    94.7
   2000  11   10.2     4.4       1   144.5    59.0
   2000  12    8.6     3.9       7   177.0    54.5
   2001   1    6.4     1.0      13    60.6    67.5
   2001   2    8.5     1.1      13    76.1    92.0
   2001   3    8.7     2.3       7   103.3    81.1
   2001   4   12.5     4.4       2    75.6   165.7
   2001   5   18.2     7.6       0    37.6   205.5
   2001   6   20.0    10.3       0    29.4   228.0
   2001   7   22.2    12.5       0    78.9   207.4
   2001   8   21.5    13.1       0    62.5   190.9
   2001   9   17.9    10.1       0    31.3   127.9
   2001  10   16.7    10.7       0   162.3   115.7
   2001  11   11.3     3.9       5    33.4    63.2
   2001  12    7.1     0.3      20    16.4    74.4
   2002   1    9.2     2.9       5    79.2    40.8
   2002   2   10.6     4.4       2   143.1    76.1
   2002   3   12.0     4.3       2    29.8   113.0
   2002   4   14.7     5.0       0    46.2   191.8
   2002   5   16.5     8.0       0    81.9   192.1
   2002   6   19.1    10.1       0    23.0   184.9
   2002   7   21.0    11.8       0    55.9   202.0
   2002   8   22.2    12.8       0    21.6   165.6
   2002   9   19.8    10.2       0    19.7   168.6
   2002  10   14.2     6.6       2   183.2   108.3
   2002  11   12.1     6.5       0   110.8    64.5
   2002  12    8.2     4.2       3   105.4    33.6
   2003   1    7.8     2.1      10    52.5    91.7
   2003   2    8.1     0.7      12    23.5    87.7
   2003   3   13.1     2.7      10    27.9   162.0
   2003   4   15.4     5.0       4    36.5   195.6
   2003   5   16.7     8.2       0    35.7   221.5
   2003   6   21.9    11.3       0    51.1   237.6
   2003   7   22.1    13.4       0    65.7   165.2
   2003   8   24.3    13.6       0     9.9   215.4
   2003   9   20.6     8.7       0    11.7   165.6
   2003  10   13.8     4.9       5    46.4   138.8
   2003  11   11.6     5.3       4    77.8    65.2
   2003  12    8.7     2.1      10    83.8    45.4
   2004   1    8.7     3.4       7    80.0    56.3
   2004   2    8.7     2.9      10    29.6    96.2
   2004   3   10.8     3.3       4    42.3   110.5
   2004   4   14.2     5.9       1    77.7   138.7
   2004   5   18.1     8.0       0    36.6   203.1
   2004   6   21.1    11.7       0    36.0   248.9
   2004   7   20.9    11.9       0    44.1   170.1
   2004   8   22.5    13.6       0    85.7   212.1
   2004   9   19.8    10.9       0    53.1   177.5
   2004  10   14.1     8.0       0   140.6   105.1
   2004  11   11.1     5.2       1    30.4    48.2
   2004  12    9.1     3.0       7    36.1    57.5
   2005   1    9.6     3.8       3    27.1    61.1
   2005   2    7.9     2.0       9    32.1    76.5
   2005   3   11.2     4.0       7    69.0    94.1
   2005   4   13.9     5.3       2    52.5   156.8
   2005   5   16.7     7.4       0    31.0   229.8
   2005   6   21.0    11.5       0    48.0   216.1
   2005   7   22.2    13.0       0    60.7   224.1
   2005   8   22.2    11.5       0    24.5   245.2
   2005   9   20.7    11.4       0    67.1   174.4
   2005  10   16.6    10.6       0   131.6    82.1
   2005  11   10.1     2.5      11    68.4    77.2
   2005  12    8.5     1.1      11    65.2    50.8
   2006   1    7.3     2.1      11    15.0    51.5
   2006   2    6.7     1.2      11    30.8    68.0
   2006   3    9.3     2.5       9    67.2   101.0
   2006   4   14.0     5.3       2    17.5   157.9
   2006   5   17.6     8.9       0   109.4   193.0
   2006   6   22.6    11.6       0    17.2   259.9
   2006   7   26.8    14.4       0    34.3   309.6
   2006   8   21.5    13.0       0   117.0   174.0
   2006   9   21.5    12.6       0    57.6   157.7
   2006  10   16.5    10.0       0    82.9    95.1
   2006  11   12.1     4.4       4    94.5   102.6
   2006  12    9.3     4.5       3   105.5    40.3
   2007   1   10.5     4.8       5    66.6    60.3
   2007   2    9.3     3.2       7    86.1    61.2
   2007   3   11.8     3.4       1    73.8   162.7
   2007   4   17.9     6.6       0     7.0   232.4
   2007   5   17.0     8.3       0   139.9   172.9
   2007   6   20.2    11.7       0   136.6   153.7
   2007   7   19.6    11.7       0   161.1   205.8
   2007   8   21.2    11.5       0    32.6   202.7
   2007   9   18.9    10.1       0    49.1   153.6
   2007  10   14.9     7.5       0    37.4   100.3
   2007  11   11.2     3.6       6    51.2    75.9
   2007  12    8.4     2.6       9    68.0    42.1
   2008   1   10.3     3.9       1   101.7    44.1
   2008   2   10.0     1.0      13    29.5   104.3
