Southampton
Location 4420E 1125N, 20 metres amsl (1855 to 1969) & 4416E 1112N, 3 metres amsl (1970 to 2000)
Estimated data is marked with a * after the value.
Missing data (more than 2 days missing in month) is marked by  ---.
Sunshine data taken from an automatic Kipp & Zonen sensor marked with a #, otherwise sunshine data taken from a Campbell Stokes recorder.
   yyyy  mm   tmax    tmin      af    rain     sun
              degC    degC    days      mm   hours
   1855   1    5.0     0.5      16     ---     ---
   1855   2    2.4    -3.5      21    54.3     ---
   1855   3    7.9     0.8      12    61.3     ---
   1855   4   13.7     3.6       4    10.1     ---
   1855   5   15.0     5.6       2    60.0     ---
   1855   6   18.4     9.8       0    43.9     ---
   1855   7   21.5    12.6       0   101.0     ---
   1855   8   21.6    12.3       0    47.9     ---
   1855   9   19.6     9.6       0    88.4     ---
   1855  10   15.1     8.4       0   187.5     ---
   1855  11    8.7     3.6       3    28.2     ---
   1855  12    6.8     1.0      15    55.4     ---
   1856   1    7.9     2.8      10    93.5     ---
   1856   2    9.0     3.6       7    50.6     ---
   1856   3    8.9     1.4      10    36.3     ---
   1856   4   13.3     4.5       2   127.3     ---
   1856   5   15.2     6.4       2    55.7     ---
   1856   6   19.7    10.2       0    40.3     ---
   1856   7   21.0    11.6       0    16.5     ---
   1856   8   22.6    13.3       0    64.7     ---
   1856   9   18.1     8.8       0    67.6     ---
   1856  10   15.6     8.9       0    74.5     ---
   1856  11   10.0     2.4       7    38.7     ---
   1856  12    8.3     2.3      12    87.1     ---
   1857   1    6.9     0.5      14    72.3     ---
   1857   2    8.6     1.0      11    10.6     ---
   1857   3   10.0     2.6       8    54.4     ---
   1857   4   12.3     4.4       3    60.7     ---
   1857   5   17.6     7.7       0    19.0     ---
   1857   6   22.3    11.3       0    38.2     ---
   1857   7   22.1    12.8       0    43.7     ---
   1857   8   24.1    14.0       0    66.3     ---
   1857   9   20.4    11.9       0    93.6     ---
   1857  10   16.5     9.7       0   191.4     ---
   1857  11   12.0     6.1       1    57.1     ---
   1857  12   11.2     5.6       2    25.0     ---
   1858   1    8.1     1.1      12    27.0     ---
   1858   2    6.6     0.3      13    33.1     ---
   1858   3    9.9     1.6      13    22.9     ---
   1858   4   14.0     5.2       2    94.1     ---
   1858   5   16.0     6.9       0    65.7     ---
   1858   6   23.6    12.3       0    14.1     ---
   1858   7   20.9    10.9       0    69.6     ---
   1858   8   21.8    12.1       0    55.5     ---
   1858   9   20.2    12.2       0    75.2     ---
   1858  10   15.0     7.7       0    66.2     ---
   1858  11    8.4     1.8       7    50.1     ---
   1858  12    8.5     3.2       3   116.6     ---
   1859   1    8.3     2.5       7    59.6     ---
   1859   2   10.4     3.6       2    78.3     ---
   1859   3   12.5     5.5       2    49.7     ---
   1859   4   13.3     4.2       4    92.4     ---
   1859   5   17.2     7.9       0    36.8     ---
   1859   6   21.0    11.7       0    45.7     ---
   1859   7   25.1    14.5       0    66.6     ---
   1859   8   22.3    13.1       0    58.3     ---
   1859   9   18.1    10.5       0   135.3     ---
   1859  10   15.0     8.3       5   119.8     ---
   1859  11   10.5     3.3       5   125.1     ---
   1859  12    6.1    -0.4      16   127.1     ---
   1860   1    8.4     2.5       8   129.2     ---
   1860   2    6.0    -0.4      15    29.3     ---
   1860   3    9.3     2.8       8    59.3     ---
   1860   4   11.4     3.0       4    47.6     ---
   1860   5   17.4     8.1       0    88.7     ---
   1860   6   16.6    10.1       0   205.0     ---
   1860   7   19.5    11.1       0    84.7     ---
   1860   8   18.2    12.0       0   115.0     ---
   1860   9   16.5     8.6       0    99.2     ---
   1860  10   14.3     8.1       1    53.2     ---
   1860  11    8.8     2.9       2    80.2     ---
   1860  12    5.5     0.7      13   127.7     ---
   1861   1    4.8    -0.4      17    20.7     ---
   1861   2    8.9     3.2       6    60.2     ---
   1861   3   10.9     3.7       1    76.4     ---
   1861   4   13.7     3.4       3    10.2     ---
   1861   5   16.9     6.8       0    41.3     ---
   1861   6   20.4    11.9       0   100.8     ---
   1861   7   19.7    12.6       0   103.5     ---
   1861   8   21.4    12.9       0    22.2     ---
   1861   9   18.4    10.0       0    78.0     ---
   1861  10   17.2    10.7       0    27.7     ---
   1861  11    9.4     1.9       7   164.3     ---
   1861  12    8.4     2.8       6    53.2     ---
   1862   1    7.2     2.3       9   104.0     ---
   1862   2    8.5     3.8       3    20.1     ---
   1862   3    9.6     4.0       4   124.2     ---
   1862   4   13.2     6.5       4    57.5     ---
   1862   5   17.4     9.6       0   123.9     ---
   1862   6   17.9     9.2       0    53.8     ---
   1862   7   19.4    10.1       0    52.8     ---
   1862   8   20.2    10.5       0    36.3     ---
   1862   9   18.9    10.7       0    29.7     ---
   1862  10   15.5     8.7       0   171.8     ---
   1862  11    8.6     1.8      10    22.4     ---
   1862  12    9.8     4.6       0    72.7     ---
   1863   1    8.5     3.5       3   129.4     ---
   1863   2    9.8     3.3       5    32.4     ---
   1863   3   11.4     3.1       6    38.7     ---
   1863   4   14.6     5.3       1    20.5     ---
   1863   5   16.7     6.7       0    55.2     ---
   1863   6   18.9    10.2       0    94.6     ---
   1863   7   22.1    10.9       0    26.4     ---
   1863   8   21.0    13.1       0    63.9     ---
   1863   9   16.3     8.6       0    98.7     ---
   1863  10   14.9     9.1       0   115.3     ---
   1863  11   11.5     6.0       2    60.7     ---
   1863  12   10.1     4.4       1    64.4     ---
   1864   1    6.1     1.4      10    72.6     ---
   1864   2    5.6     0.3      15    53.6     ---
   1864   3   10.3     2.9       3    84.2     ---
   1864   4   14.0     5.2       0    62.6     ---
   1864   5   18.2     8.3       0    39.4     ---
   1864   6   18.5    10.2       0    35.9     ---
   1864   7   22.1    11.2       0     8.0     ---
   1864   8   20.9    10.2       0    20.6     ---
   1864   9   18.5    10.6       0    61.7     ---
   1864  10   14.3     7.3       0    36.1     ---
   1864  11    9.7     2.7       8   108.3     ---
   1864  12    6.4     1.3      14    58.8     ---
   1865   1    5.4     0.1      16   128.2     ---
   1865   2    5.9     0.7      13   103.6     ---
   1865   3    6.7     0.0      15    27.8     ---
   1865   4   17.6     6.6       1    21.8     ---
   1865   5   17.4     8.8       0    74.0     ---
   1865   6   22.2    11.0       0    65.2     ---
   1865   7   22.0    12.9       0   103.3     ---
   1865   8   20.0    11.4       0   128.5     ---
   1865   9   22.6    12.3       0     3.4     ---
   1865  10   15.8     8.1       0   221.8     ---
   1865  11   10.9     4.6       2   122.5     ---
   1865  12    8.6     3.6       1    84.4     ---
   1866   1    9.3     3.8       3   169.4     ---
   1866   2    9.1     2.9       6   163.7     ---
   1866   3    8.2     2.3       9    73.4     ---
   1866   4   13.5     5.9       0    62.2     ---
   1866   5   15.4     5.7       0    40.6     ---
   1866   6   20.8    11.6       0    41.2     ---
   1866   7   21.8    12.4       0    41.5     ---
   1866   8   19.7    12.0       0    66.3     ---
   1866   9   17.0    11.1       0   168.1     ---
   1866  10   15.1     8.7       0    40.6     ---
   1866  11   11.4     4.7       2    48.1     ---
   1866  12    9.9     4.3       7    51.0     ---
   1867   1    4.9    -1.2      19   136.3     ---
   1867   2   10.4     5.1       1    60.5     ---
   1867   3    6.8     1.2      14    73.0     ---
   1867   4   13.7     6.8       1    47.2     ---
   1867   5   16.2     7.8       1    37.7     ---
   1867   6   19.8     9.9       0    31.8     ---
   1867   7   20.2    11.4       0   128.7     ---
   1867   8   20.7    12.5       0    53.1     ---
   1867   9   18.8    10.9       0    85.4     ---
   1867  10   13.7     6.7       0    78.3     ---
   1867  11    9.5     2.3       6     7.3     ---
   1867  12    6.9     0.4      17    45.2     ---
   1868   1    5.8     1.0      15   110.9     ---
   1868   2    9.8     3.9       6    23.8     ---
   1868   3   10.8     3.7       3    73.5     ---
   1868   4   13.9     5.3       2    82.7     ---
   1868   5   18.9     9.1       0    41.3     ---
   1868   6   22.1    10.6       0    14.9     ---
   1868   7   25.9    13.7       0    17.2     ---
   1868   8   21.4    13.5       0   119.7     ---
   1868   9   20.6    11.1       0    93.8     ---
   1868  10   13.5     5.8       2    70.7     ---
   1868  11    8.6     3.1       7    40.6     ---
   1868  12   11.0     6.4       0   215.4     ---
   1869   1    8.8     3.4       6    87.1     ---
   1869   2   11.0     5.5       3    79.8     ---
   1869   3    7.4     1.5       8    48.6     ---
   1869   4   14.9     6.4       1    26.5     ---
   1869   5   14.7     7.6       0   106.5     ---
   1869   6   18.3     8.9       0    41.4     ---
   1869   7   22.5    12.5       0    25.2     ---
   1869   8   21.3    11.1       0    19.4     ---
   1869   9   18.6    11.8       0   104.4     ---
   1869  10   14.0     7.1       2    72.6     ---
   1869  11   10.9     3.5       7    37.4     ---
   1869  12    5.9     1.1      11    98.8     ---
   1870   1    6.6     2.2      12    56.2     ---
   1870   2    5.1     0.8      13    66.9     ---
   1870   3    8.6     2.1      10    45.4     ---
   1870   4   14.8     3.6       3     9.7     ---
   1870   5   17.0     6.6       0    36.8     ---
   1870   6   21.7    10.9       0     7.9     ---
   1870   7   23.8    13.4       0    13.3     ---
   1870   8   21.6    11.6       0    69.7     ---
   1870   9   18.6     9.7       0    55.9     ---
   1870  10   14.7     7.4       1    96.3     ---
   1870  11    9.7     3.0       6    51.9     ---
   1870  12    4.0    -1.2      20    85.1     ---
   1871   1    3.4    -0.8      17    74.1     ---
   1871   2    8.6     3.8       4    40.4     ---
   1871   3   11.7     4.2       2    35.4     ---
   1871   4   13.5     6.3       0   106.6     ---
   1871   5   16.7     6.5       0    10.9     ---
   1871   6   17.4     9.0       0    61.8     ---
   1871   7   20.4    12.6       0   125.4     ---
   1871   8   22.9    12.9       0    32.9     ---
   1871   9   18.5    10.6       0   116.7     ---
   1871  10   14.2     7.0       0    65.8     ---
   1871  11    7.5     1.5       8    19.9     ---
   1871  12    6.2     0.9      13    64.2     ---
   1872   1    8.2     2.4       8   175.2     ---
   1872   2   10.1     5.4       0    60.3     ---
   1872   3   10.7     4.7       8    75.1     ---
   1872   4   13.8     5.1       1    36.6     ---
   1872   5   15.0     6.3       0    60.7     ---
   1872   6   18.8    10.3       0    76.0     ---
   1872   7   22.8    13.3       0    82.3     ---
   1872   8   20.9    12.0       0    35.0     ---
   1872   9   18.4    10.6       0    47.6     ---
   1872  10   13.1     6.0       1   160.1     ---
   1872  11   10.4     5.1       1   115.4     ---
   1872  12    9.1     4.5       4   142.0     ---
   1873   1    8.5     4.2       5   130.1     ---
   1873   2    4.4     0.4      11    73.3     ---
   1873   3   10.3     3.2       1    78.5     ---
   1873   4   12.9     4.3       3    27.3     ---
   1873   5   15.9     6.4       0    31.8     ---
   1873   6   19.2    10.6       0    57.3     ---
   1873   7   21.3    12.3       0    58.3     ---
   1873   8   21.3    12.9       0    66.2     ---
   1873   9   17.2     9.4       0    69.3     ---
   1873  10   13.5     6.1       4    75.9     ---
   1873  11   10.3     5.0       1    72.0     ---
   1873  12    8.5     2.9       7    14.3     ---
   1874   1    9.3     3.1       5    53.3     ---
   1874   2    8.0     1.8      11    52.9     ---
   1874   3   11.0     3.5       5    11.7     ---
   1874   4   14.7     6.1       0    73.9     ---
   1874   5   16.1     6.1       0    47.1     ---
   1874   6   19.8    10.0       0    49.9     ---
   1874   7   23.0    12.3       0    32.6     ---
   1874   8   20.2    11.7       0    60.2     ---
   1874   9   18.2    11.0       0    81.2     ---
   1874  10   14.6     8.5       0   131.3     ---
   1874  11   10.0     3.7       7    78.7     ---
   1874  12    4.4    -1.1      22   118.6     ---
   1875   1    9.2     4.9       3   118.4     ---
   1875   2    5.1    -0.3      20    74.7     ---
   1875   3    8.3     2.5       7    25.6     ---
   1875   4   12.8     3.9       1    35.0     ---
   1875   5   17.5     8.0       0    44.7     ---
   1875   6   19.2    10.6       0    72.2     ---
   1875   7   19.3    11.5       0   115.5     ---
   1875   8   21.0    12.7       0    43.3     ---
   1875   9   20.3    12.2       0    39.8     ---
   1875  10   13.2     7.5       0   124.0     ---
   1875  11    9.1     3.8       4   118.7     ---
   1875  12    5.9     1.8      12    31.0     ---
   1876   1    5.8     0.8      14    26.4     ---
   1876   2    8.1     3.4       6    71.4     ---
   1876   3    8.9     2.6       7    94.7     ---
   1876   4   12.7     5.7       2    59.2     ---
   1876   5   15.3     5.2       0    13.4     ---
   1876   6   19.8    10.3       0    37.3     ---
   1876   7   23.4    13.8       0    16.2     ---
   1876   8   22.3    12.6       0    99.8     ---
   1876   9   17.2    10.8       0   117.2     ---
   1876  10   14.8     9.9       0    73.5     ---
   1876  11   10.4     4.3       6   105.0     ---
   1876  12    9.3     5.1       5   202.4     ---
   1877   1    9.9     4.1       1   157.7     ---
   1877   2    9.8     5.0       2    42.4     ---
   1877   3    8.6     2.2       9    58.6     ---
   1877   4   11.9     5.5       0    73.5     ---
   1877   5   13.9     6.1       2    60.5     ---
   1877   6   21.6    11.7       0    20.8     ---
   1877   7   20.2    11.7       0    82.1     ---
   1877   8   20.5    12.9       0    77.0     ---
   1877   9   16.3     8.5       0    49.3     ---
   1877  10   14.4     6.0       2    61.5     ---
   1877  11   11.8     4.9       0   158.5     ---
   1877  12    8.4     2.4       9    47.8     ---
   1878   1    7.7     2.8       9    34.5     ---
   1878   2    8.2     3.6       4    59.7     ---
   1878   3    9.7     3.1      10    39.8     ---
   1878   4   13.2     5.6       3    85.8     ---
   1878   5   16.3     9.4       0   114.0     ---
   1878   6   20.4    11.7       0    44.0     ---
   1878   7   22.3    13.2       0    41.4     ---
   1878   8   20.9    13.7       0   174.7     ---
   1878   9   18.1     9.8       0    37.5     ---
   1878  10   14.8     8.1       0    90.8     ---
   1878  11    7.1     2.3       2    63.2     ---
   1878  12    4.1    -0.9      20    39.3     ---
   1879   1    2.8    -1.0      23   109.5     ---
   1879   2    6.0     2.2       7   105.6     ---
   1879   3    8.8     2.5       6    12.4     ---
   1879   4   10.1     3.2       2    76.7     ---
   1879   5   13.7     5.8       0    71.0     ---
   1879   6   16.6    10.8       0   133.4     ---
   1879   7   18.1    11.5       0   105.0     ---
   1879   8   19.2    12.4       0   163.1     ---
   1879   9   17.7     9.7       0    95.5     ---
   1879  10   13.6     6.7       2    20.9     ---
   1879  11    7.0     1.1      12    12.9     ---
   1879  12    4.0    -2.3      24    19.1     ---
   1880   1    3.5    -1.5      23    21.1     ---
   1880   2    8.8     2.9       8    90.0     ---
   1880   3   12.6     3.4       3    21.3     ---
   1880   4   12.9     4.9       0    45.4     ---
   1880   5   17.8     6.3       0     9.8     ---
   1880   6   18.7     9.6       0    54.8     ---
   1880   7   20.8    12.0       0   133.4     ---
   1880   8   22.6    13.1       0    24.0     ---
   1880   9   19.9    11.6       0   147.2     ---
   1880  10   12.4     4.9       5   116.7     ---
   1880  11    9.6     3.4       9    63.9     ---
   1880  12    9.6     3.9       5   107.2     ---
   1881   1    3.0    -2.8      20    38.8     ---
   1881   2    7.0     1.3      11    86.0     ---
   1881   3   10.9     2.8       9    69.3     ---
   1881   4   13.1     3.9       2    21.5     ---
   1881   5   18.1     7.1       0    27.4     ---
   1881   6   19.1    10.2       0    57.5     ---
   1881   7   23.8    12.7       0    44.0     ---
   1881   8   19.5    11.3       0   110.8     ---
   1881   9   18.3     9.8       0    48.7     ---
   1881  10   12.4     4.6       3    38.4     ---
   1881  11   12.8     7.1       0   129.6     ---
   1881  12    8.0     2.6       7    75.8     ---
   1882   1    7.6     2.7       7    45.3     ---
   1882   2    9.7     3.7       5    48.1     ---
   1882   3   12.7     4.0       3    15.1     ---
   1882   4   14.4     5.8       0    91.0     ---
   1882   5   17.4     7.9       0    47.2     ---
   1882   6   18.3    10.2       0    77.9     ---
   1882   7   19.6    12.2       0    72.3     ---
   1882   8   20.6    11.8       0    54.0     ---
   1882   9   18.0     8.9       0    57.1     ---
   1882  10   14.4     7.5       0   173.5     ---
   1882  11   10.3     4.2       3   109.5     ---
   1882  12    7.7     3.0       8    73.6     ---
   1883   1    8.4     3.3       3    87.4     ---
   1883   2   10.1     3.5       2   112.8     ---
   1883   3    7.9    -1.1      23    23.1     ---
   1883   4   14.0     3.8       3    26.4     ---
   1883   5   16.4     7.0       1    65.1     ---
   1883   6   19.9    10.3       0    34.8     ---
   1883   7   19.5    11.7       0    79.9     ---
   1883   8   21.5    12.4       0    28.6     ---
   1883   9   18.2    10.6       0   109.2     ---
   1883  10   14.5     7.4       0    70.0     ---
   1883  11   10.7     3.5       6   113.1     ---
   1883  12    7.7     2.6       5    20.8     ---
   1884   1    9.6     4.8       0    87.4     ---
   1884   2    9.2     4.0       2    63.5     ---
   1884   3   11.4     3.7       4    60.7     ---
   1884   4   12.1     3.2       4    42.4     ---
   1884   5   17.8     7.3       0    26.6     ---
   1884   6   20.2    10.4       0    55.3     ---
   1884   7   21.3    13.1       0    55.6     ---
   1884   8   24.2    12.6       0    32.2     ---
   1884   9   19.9    11.8       0    51.3     ---
   1884  10   14.7     6.3       0    22.1     ---
   1884  11    9.4     3.2       5    39.2     ---
   1884  12    8.1     3.0       5    94.3     ---
   1885   1    5.9     1.5       9    72.1     ---
   1885   2   10.0     4.4       3    86.7     ---
   1885   3    9.8     1.5       8    53.7     ---
   1885   4   13.9     4.3       3    40.0     ---
   1885   5   14.4     5.8       0    98.3     ---
   1885   6   20.4    10.4       0    39.8     ---
   1885   7   23.4    11.9       0     7.3     ---
   1885   8   20.9    10.5       0    17.1     ---
   1885   9   17.7     9.5       0   128.7     ---
   1885  10   12.4     5.2       0   100.1     ---
   1885  11    9.6     4.3       3    76.9     ---
   1885  12    7.0     1.6      10    46.5     ---
   1886   1    6.0     0.2      14   101.6     ---
   1886   2    5.2    -0.4      15    17.8     ---
   1886   3    8.1     1.6      16    65.4     ---
   1886   4   13.8     4.8       0    68.3     ---
   1886   5   16.1     7.4       1    97.9     ---
   1886   6   20.4    10.0       0    16.7     ---
   1886   7   22.5    12.4       0    62.5     ---
   1886   8   22.3    12.5       0    33.5     ---
   1886   9   19.8    11.2       0    67.2     ---
   1886  10   15.7     9.2       0   135.5     ---
   1886  11   10.7     4.1       3    92.7     ---
   1886  12    6.8     0.4      15   179.8     ---
   1887   1    5.2     0.1      16    79.0     ---
   1887   2    7.7     1.0      14    24.0     ---
   1887   3    8.7     0.3      15    44.0     ---
   1887   4   12.8     2.3       3    33.6     ---
   1887   5   15.6     6.7       0    28.5     ---
   1887   6   22.4    10.5       0    25.0     ---
   1887   7   24.6    12.8       0    20.2     ---
   1887   8   23.3    11.3       0    73.6     ---
   1887   9   17.6     8.8       0    72.6     ---
   1887  10   12.9     4.1       5    33.8     ---
   1887  11    8.4     2.8       5   104.9     ---
   1887  12    6.8     1.1      14    52.1     ---
   1888   1    6.2     0.7      17    29.5     ---
   1888   2    5.2    -0.3      18    29.4     ---
   1888   3    7.5     1.0      13    87.5     ---
   1888   4   10.8     3.2       8    60.2     ---
   1888   5   16.9     6.7       0    55.7     ---
   1888   6   18.8    10.4       0    71.2     ---
   1888   7   18.5    11.5       0   157.1     ---
   1888   8   19.4    11.3       0    64.2     ---
   1888   9   18.9     9.6       0    27.4     ---
   1888  10   14.1     4.2       6    42.4     ---
   1888  11   11.6     6.8       0   130.2     ---
   1888  12    9.2     3.5       7    54.1     ---
   1889   1    6.5     1.1      11    20.7     ---
   1889   2    7.5     0.8      17    48.4     ---
   1889   3   10.0     1.8      11    68.3     ---
   1889   4   12.6     4.6       0    53.2     ---
   1889   5   18.3     9.9       0    69.0     ---
   1889   6   22.1    11.8       0    10.5     ---
   1889   7   21.1    12.4       0    67.9     ---
   1889   8   20.6    11.3       0    54.1     ---
   1889   9   19.2     9.6       0    26.7     ---
   1889  10   14.0     6.4       0   136.3     ---
   1889  11   10.8     5.1       3    38.4     ---
   1889  12    6.8     1.2      14    52.0     ---
   1890   1    9.8     4.1       3   100.4     ---
   1890   2    7.0     1.2      11    18.5     ---
   1890   3   11.1     3.0       6    29.7     ---
   1890   4   13.2     4.2       3    67.4     ---
   1890   5   18.1     8.5       0    42.9     ---
   1890   6   19.2    10.4       0    69.5     ---
   1890   7   20.3    11.8       0    50.1     ---
   1890   8   20.8    11.7       0    92.5     ---
   1890   9   20.6    10.9       0    34.2     ---
   1890  10   15.2     6.1       1    23.4     ---
   1890  11   10.6     3.4       8    49.3     ---
   1890  12    1.8    -3.2      26    41.7     ---
   1891   1    5.1    -1.2      19    78.8     ---
   1891   2    9.9     0.2      16     0.8     ---
   1891   3    8.7     1.4      10    68.3     ---
   1891   4   12.0     3.3       1    25.5     ---
   1891   5   16.0     6.4       1    63.7     ---
   1891   6   21.6    11.3       0    45.8     ---
   1891   7   20.9    11.8       0    62.4     ---
   1891   8   19.7    11.6       0   139.4     ---
   1891   9   19.4    10.9       0    33.9     ---
   1891  10   14.7     7.5       1   249.3     ---
   1891  11    9.7     3.5       6    92.1     ---
   1891  12    9.1     3.1       9   126.4     ---
   1892   1    6.4     0.5      16    21.3     ---
   1892   2    8.2     2.0       7    28.2     ---
   1892   3    8.5    -0.2      18    27.8     ---
   1892   4   16.2     3.3       6    18.7     ---
   1892   5   18.3     7.4       1    20.9     ---
   1892   6   19.7     9.6       0    36.2     ---
   1892   7   20.9    11.4       0    60.7     ---
   1892   8   21.6    12.4       0    89.9     ---
   1892   9   18.4     9.5       0    78.9     ---
   1892  10   12.6     4.5       3   113.8     ---
   1892  11   11.3     5.1       3    69.4     ---
   1892  12    6.4     0.9      16    43.4     ---
   1893   1    5.1     0.0      13    43.6     ---
   1893   2    9.2     3.1       3    95.0     ---
   1893   3   14.1     2.8       4     6.6     ---
   1893   4   19.2     5.5       3     1.7     ---
   1893   5   20.4     8.8       0    21.3     ---
   1893   6   22.6    11.5       0    26.0     ---
   1893   7   21.9    13.3       0   101.9     ---
   1893   8   23.4    13.5       0    32.9     ---
   1893   9   20.0     9.6       0    42.4     ---
   1893  10   15.4     7.2       1    87.3     ---
   1893  11    9.1     2.6       8    59.9     ---
   1893  12    8.4     1.5       6    78.8     ---
   1894   1    7.0     1.7       9   103.6     ---
   1894   2    9.6     2.8       7    56.8     ---
   1894   3   12.9     3.0       5    47.7     ---
   1894   4   15.8     6.8       0    44.3     ---
   1894   5   15.9     6.2       0    31.7     ---
   1894   6   19.4    10.9       0    52.2     ---
   1894   7   20.6    12.8       0   132.7     ---
   1894   8   20.4    12.3       0    50.6     ---
   1894   9   17.7     9.2       0    44.8     ---
   1894  10   14.5     7.5       0   132.7     ---
   1894  11   11.7     5.8       0   124.6     ---
   1894  12    9.0     3.3       5    65.2     ---
   1895   1    4.4    -1.2      21    89.6    70.8
   1895   2    3.1    -4.5      25     3.0   109.4
   1895   3   10.8     2.6       6    52.0   120.8
   1895   4   13.8     5.5       1    66.7   132.3
   1895   5   19.7     8.1       0     8.0   271.8
   1895   6   22.5    10.3       0    49.0   234.4
   1895   7   21.3    12.4       0    98.0   196.3
   1895   8   21.6    12.6       0    68.4   235.4
   1895   9   23.6    11.5       0     7.2   243.1
   1895  10   13.4     4.6       7    78.6   109.0
   1895  11   12.4     6.4           135.0    52.5
   1895  12    8.2     2.7       4    64.4    33.9
   1896   1    7.7     2.8       8    28.1    35.3
   1896   2    8.5     1.9       9     9.5    80.3
   1896   3   12.1     5.0       2    90.2   107.0
   1896   4   15.2     5.9       0    13.7   135.6
   1896   5   20.0     7.6       0     8.5   267.8
   1896   6   22.7    12.0       0    45.6   244.9
   1896   7   23.6    12.8       0    17.5   242.9
   1896   8   21.1    11.4       0    65.1   164.3
   1896   9   17.8    11.0       0   170.2   102.1
   1896  10   12.8     4.8       3    77.6   126.9
   1896  11    8.6     1.7       9    21.6    85.0
   1896  12    7.6     2.2       9   121.2    36.0
   1897   1    5.4     0.5      14    69.1    40.2
   1897   2   10.1     4.8       2    95.9    36.8
   1897   3   11.8     4.4       1   133.5   120.8
   1897   4   12.9     5.0       1    53.4   155.4
   1897   5   17.4     6.5       1    36.6   250.0
   1897   6   21.6    12.1       0    50.8   198.7
   1897   7   24.2    13.0       0    28.6   266.7
   1897   8   21.9    13.2       0   111.8   227.7
   1897   9   18.4     9.6       0    67.9   155.4
   1897  10   16.2     8.1       0    21.6   141.3
   1897  11   11.6     5.3       2    32.9    52.0
   1897  12    9.1     3.1       8   125.3    75.0
   1898   1    9.5     5.1       2    14.1    22.7
   1898   2    9.8     2.3       8    57.4    88.6
   1898   3    9.5     1.5       9    17.3    95.3
   1898   4   14.0     4.4       2    42.1   168.8
   1898   5   15.8     8.0       0   113.8   155.6
   1898   6   19.6    10.4       0    24.8   207.5
   1898   7   23.3    11.9       0    14.8   241.2
   1898   8   23.0    13.0       0    31.3   205.4
   1898   9   22.8    10.5       0    24.9   220.0
   1898  10   16.3     9.6       0   126.8    77.5
   1898  11   11.7     5.0       3   117.6    61.8
   1898  12   11.1     5.5       1    91.9    48.1
   1899   1    9.3     3.4       5   101.7    60.3
   1899   2   10.0     3.2       7    79.6   105.0
   1899   3   11.3     1.0      16    22.4   169.3
   1899   4   13.2     5.5       0    73.7   135.9
   1899   5   16.6     6.9       0    30.0   220.5
   1899   6   23.1    11.1       0    34.9   293.2
   1899   7   25.0    14.0       0    33.8   291.0
   1899   8   25.7    14.0       0    14.6   293.9
   1899   9   20.3    10.6       0    80.5   182.0
   1899  10   15.8     6.0       1    55.6   147.0
   1899  11   12.5     6.3       1   134.7    62.9
   1899  12    6.8     0.8      13    40.2    38.6
   1900   1    8.4     2.7       4    94.8    49.4
   1900   2    7.5     1.4      15   140.8    73.0
   1900   3    8.5     1.4       7    29.9    80.6
   1900   4   14.3     4.7       2    35.2   185.3
   1900   5   16.4     7.4       0    42.4   196.0
   1900   6   20.7    11.2       0    72.7   202.3
   1900   7   24.6    14.2       0    27.3   280.1
   1900   8   21.9    12.4       0    88.7   223.8
   1900   9   21.2     9.6       0    26.8   200.1
   1900  10   15.4     7.3       0    60.4   118.8
   1900  11   11.6     5.6       2    83.6    61.0
   1900  12   10.8     5.7       1    99.6    25.8
   1901   1    7.4     1.5      11    36.1    58.7
   1901   2    5.9     0.1      15    41.8    61.9
   1901   3    8.6     1.6       9    59.1    86.3
   1901   4   14.4     5.1       0    71.2   213.0
   1901   5   19.1     7.0       0    42.3   273.2
   1901   6   20.8    10.5       0    27.8   239.1
   1901   7   24.3    13.6       0    90.5   251.2
   1901   8   22.6    12.5       0    74.6   242.9
   1901   9   19.5    11.4       0    57.7   146.2
   1901  10   15.5     7.3       2    73.0   107.8
   1901  11    9.6     2.4      11    15.1    82.6
   1901  12    7.6     1.8       9   128.9    43.6
   1902   1    8.4     3.1       8    27.1    52.9
   1902   2    5.4     0.3      14    42.4    74.0
   1902   3   12.2     4.3       3    62.2   107.1
   1902   4   13.6     4.4       1    43.9   167.0
   1902   5   15.0     5.9       0    73.2   170.1
   1902   6   18.9    10.7       0    96.7   181.2
   1902   7   22.2    11.6       0    44.0   228.5
   1902   8   20.9    12.4       0    84.7   154.3
   1902   9   19.1    10.1       0    33.4   172.6
   1902  10   14.5     7.1       0    59.5    92.2
   1902  11   10.9     5.4       4    83.1    63.7
   1902  12    8.0     3.1       7    47.3    43.3
   1903   1    8.0     3.4       7    66.1    54.7
   1903   2   10.8     5.1       1    48.6    69.0
   1903   3   11.9     4.8       1    86.7   129.0
   1903   4   12.5     3.5       6    70.4   183.6
   1903   5   17.5     8.4       0    73.1   219.0
   1903   6   19.1     9.8       0   102.4   195.9
   1903   7   21.6    12.5       0    66.8   218.1
   1903   8   20.6    11.7       0   106.9   207.3
   1903   9   19.1    10.6       0    67.1   167.3
   1903  10   15.4     9.1       0   280.7    87.5
   1903  11   11.0     4.7       3    45.7    61.9
   1903  12    6.7     2.0      10    83.1    32.3
   1904   1    7.5     2.0       8   123.3    40.9
   1904   2    8.1     2.4       6    96.7    77.1
   1904   3    9.4     2.1       7    37.9   104.2
   1904   4   14.7     6.1       0    38.9   179.1
   1904   5   16.8     8.4       0    92.4   154.6
   1904   6   19.8    10.5       0    26.9   214.9
   1904   7   23.3    13.9       0    40.0   258.6
   1904   8   21.8    12.1       0    79.9   250.9
   1904   9   18.7     9.1       0    63.6   183.8
   1904  10   14.9     7.9       0    61.9    92.7
   1904  11   10.0     3.2       8    27.0    76.0
   1904  12    8.9     3.2       7    99.2    37.9
   1905   1    7.7     1.1      11    27.0    78.7
   1905   2    9.4     4.0       2    22.1    73.0
   1905   3   11.8     4.6       2   123.5   130.8
   1905   4   12.5     5.6       0    41.3   103.3
   1905   5   18.7     7.1       0    17.4   293.1
   1905   6   20.3    12.0       0   101.3   165.0
   1905   7   24.7    14.1       0    10.1   247.5
   1905   8   20.9    12.2       0    83.5   194.1
   1905   9   17.7    10.1       0    50.6   129.0
   1905  10   13.0     4.4       7    57.9   126.8
   1905  11    9.2     2.4      10   110.3    73.9
   1905  12    8.1     3.2       4    20.1    39.5
   1906   1    9.6     4.0       3   207.3    82.0
   1906   2    7.8     1.2       9    87.9    97.0
   1906   3    9.8     2.5       6    36.0   125.9
   1906   4   14.1     3.2       2    22.5   237.8
   1906   5   16.1     7.8       0    53.8   159.3
   1906   6   20.7     9.9       0    45.6   270.3
   1906   7   22.9    12.1       0    17.3   258.6
   1906   8   23.1    13.5       0    38.9   226.9
   1906   9   20.9    10.7       0    23.1   207.4
   1906  10   16.1     9.2       0   150.5    99.5
   1906  11   11.1     5.5       2   110.4    56.8
   1906  12    7.3     1.2      14    47.2    70.0
   1907   1    7.3     2.0       8    25.6    75.7
   1907   2    7.3     0.6      14    41.1    93.7
   1907   3   12.7     2.4       5    18.1   213.7
   1907   4   13.1     4.6       1   110.2   164.8
   1907   5   16.2     8.3       0    76.8   168.0
   1907   6   17.7    10.4       0    47.8   167.8
   1907   7   20.3    11.5       0    37.3   224.5
   1907   8   20.5    11.9       0    42.0   188.3
   1907   9   20.7    10.6       0    11.4   189.1
   1907  10   15.0     8.1       0   186.2   113.1
   1907  11   11.3     5.0       1    74.2    55.4
   1907  12    8.9     4.0       3   112.0    54.4
   1908   1    6.6     0.6      14    48.5    71.8
   1908   2    9.7     3.0       3    40.1    76.0
   1908   3    9.4     2.1       5    84.5   111.4
   1908   4   11.9     3.4       2    81.1   177.5
   1908   5   18.0     9.4       0    57.4   219.3
   1908   6   21.3    10.9       0    12.9   278.9
   1908   7   21.8    12.7       0    42.9   221.8
   1908   8   21.0    11.4       0   124.8   234.7
   1908   9   17.6     9.6       0    44.0   140.4
   1908  10   16.8     9.1       0    42.9   125.3
   1908  11   12.0     5.6       1    31.7    94.4
   1908  12    7.7     2.6       5    96.6    35.9
   1909   1    7.3     1.5      11    23.5    71.9
   1909   2    7.1     0.2      16    10.9   100.8
   1909   3    7.7     1.6       9    91.0    86.1
   1909   4   14.5     5.1       1    33.1   225.7
   1909   5   17.5     6.6       0    33.5   326.6
   1909   6   16.6     9.3       0   138.4   112.1
   1909   7   19.9    12.0       0    68.9   191.6
   1909   8   22.3    12.4       0    53.7   246.7
   1909   9   17.1     9.7       0    98.1   127.4
   1909  10   14.7     8.7       1   238.5    90.1
   1909  11    9.1     2.8       6    15.1   107.4
   1909  12    8.2     2.0      10   112.3    61.1
   1910   1    7.4     2.4      10    90.6    64.2
   1910   2    9.3     3.2       5   105.1    82.0
   1910   3   11.0     2.9       6    25.5   167.1
   1910   4   12.5     4.8       2    59.9   135.1
   1910   5   17.3     8.0       0    34.6   219.1
   1910   6   20.0    11.6       0    86.9   185.1
   1910   7   18.8    11.7       0    63.9   137.8
   1910   8   19.8    12.5       0    47.3   151.9
   1910   9   18.5     9.9       0     3.5   173.0
   1910  10   15.4     9.4       0   105.2    72.3
   1910  11    8.7     1.5      11    96.4    86.8
   1910  12    9.8     5.4       1   135.5    42.5
   1911   1    6.4     1.6       8    36.8    54.3
   1911   2    8.4     2.7       5    47.2    76.7
   1911   3    9.7     3.0       4    55.1   104.7
   1911   4   11.9     4.2       5    47.3   163.4
   1911   5   18.7     9.2       0    47.7   220.8
   1911   6   20.2    11.2       0    38.2   239.5
   1911   7   25.6    13.7       0     3.4   350.3
   1911   8   24.8    14.7       0    18.4   251.7
   1911   9   21.1    10.1       0    35.3   226.4
   1911  10   14.5     7.6       1   108.8   112.2
   1911  11   10.0     3.9       4   112.7    64.2
   1911  12   10.0     4.8       2   221.7    49.7
   1912   1    7.9     3.0       6    96.4    34.4
   1912   2    9.2     4.2       4    68.1    50.6
   1912   3   11.6     5.2       0   107.9    93.6
   1912   4   15.5     4.9       1     1.7   248.9
   1912   5   17.7     9.2       0    33.9   170.0
   1912   6   18.1    10.7       0   111.3   196.8
   1912   7   21.3    13.3       0    81.6   160.7
   1912   8   17.3    10.6       0   157.0    99.9
   1912   9   16.2     8.6       0    61.3   135.8
   1912  10   13.8     4.7       2    93.5   118.1
   1912  11    9.9     4.4       3    40.6    33.1
   1912  12   10.6     5.6       2    94.2    31.8
   1913   1    8.7     3.5       5   133.6    36.7
   1913   2    8.3     2.6       7    31.7    77.3
   1913   3   10.9     4.2       1    87.7    98.0
   1913   4   12.7     5.2       1    77.1   123.4
   1913   5   17.0     8.5       0    82.2   217.5
   1913   6   19.1    10.6       0    17.8   205.8
   1913   7   20.1    11.8       0    24.6   139.2
   1913   8   20.8    12.1       0    53.0   170.5
   1913   9   18.9    11.8       0    54.2   139.9
   1913  10   15.7     9.4       0   108.1    82.5
   1913  11   12.7     6.3       1    93.9    78.0
   1913  12    8.3     3.6       7    48.7    49.6
   1914   1    6.0     1.2      15    16.6    39.0
   1914   2   10.3     4.4       3   120.6    70.0
   1914   3   10.4     3.8       3   124.1    95.7
   1914   4   15.9     5.9       0    38.2   232.0
   1914   5   17.0     7.7       0    34.7   202.7
   1914   6   21.2    10.7       0     9.6   258.6
   1914   7   20.7    12.7       0    75.2   191.9
   1914   8   22.3    12.9       0    70.6   217.1
   1914   9   19.6     9.7       0    39.1   219.5
   1914  10   15.3     7.9       0    64.1    98.0
   1914  11   10.6     4.5       6    95.8    70.9
   1914  12    9.0     3.0       6   250.9    53.4
   1915   1    7.2     2.6       5   107.5    48.1
   1915   2    8.3     2.2       7   144.0    83.3
   1915   3    9.3     2.6       9    19.5   100.3
   1915   4   13.0     4.3       1    33.0   169.7
   1915   5   17.9     8.0       0    91.9   229.9
   1915   6   20.1    10.7       0    33.9   210.5
   1915   7   20.0    11.9       0   112.2   207.8
   1915   8   21.5    12.8       0    39.3   188.8
   1915   9   19.1     9.9       0    92.7   189.6
   1915  10   14.0     7.2       0    96.4    62.2
   1915  11    7.7     1.0      12    82.5   100.1
   1915  12    9.5     4.7       4   205.1    38.9
   1916   1   10.5     5.5       1    34.7    42.2
   1916   2    7.4     1.7       6   141.4    80.3
   1916   3    7.5     1.8       8    97.1    77.6
   1916   4   14.3     4.5            19.0   214.7
   1916   5   17.9     8.5       0    37.9   196.2
   1916   6   16.8     8.9       0    41.8   191.1
   1916   7   21.3    11.8       0    32.9   227.7
   1916   8   22.2    13.6       0    82.1   195.4
   1916   9   18.2    10.5       0    46.7   143.1
   1916  10   15.0     9.7       0   140.1    92.4
   1916  11   10.2     4.4       3   123.2    60.2
   1916  12    5.6     0.3      14   103.9    43.9
   1917   1    3.8    -0.1      17    31.6    42.8
   1917   2    5.1    -0.8      13    28.9    76.0
   1917   3    7.5     0.7      11    91.2    84.2
   1917   4   11.0     2.1       9    62.6   185.0
   1917   5   19.2     9.0       0    55.4   202.1
   1917   6   21.3    11.7       0    66.4   250.4
   1917   7   21.7    12.5       0    84.5   185.4
   1917   8   19.1    13.2       0   129.1   145.7
   1917   9   18.5    11.2       0    38.9   150.1
   1917  10   13.3     4.6       3   123.3   137.3
   1917  11   11.4     6.0       3    18.2    59.2
   1917  12    5.5    -0.1      16    33.0    73.3
   1918   1    7.6     1.9      13   107.1    58.0
   1918   2    9.3     4.5       4    39.0    61.9
   1918   3   11.2     2.5       5    27.6   165.6
   1918   4   11.8     4.0       3    59.8   114.9
   1918   5   19.2     9.4       0    41.9   280.3
   1918   6   19.7     9.1       0    27.6   244.9
   1918   7   21.0    12.5       0   133.9   240.2
   1918   8   21.2    12.6       0    55.8   200.9
   1918   9   17.0     9.9       0   145.1   173.2
   1918  10   13.6     6.9       0    36.9    87.2
   1918  11   10.5     3.7       4    74.2    77.5
   1918  12   10.5     5.4       3    66.4    39.2
   1919   1    6.3     1.3      12   125.0    49.0
   1919   2    5.8     0.5      12    80.1    63.5
   1919   3    8.3     1.5       8   129.9   113.8
   1919   4   12.9     3.4       7    64.5   159.4
   1919   5   18.8     9.1       0     8.8   240.4
   1919   6   19.9    10.1       0    17.8   236.0
   1919   7   19.5    10.6       0    40.4   150.3
   1919   8   22.6    12.4       0    74.2   240.9
   1919   9   18.9     9.8            68.2   175.5
   1919  10   12.9     3.4       4    20.1   164.9
   1919  11    6.8     1.0       9    64.6    51.1
   1919  12    9.3     3.4       4   156.7    35.0
   1920   1    8.6     3.1       5   104.7    53.3
   1920   2   10.1     3.7       4    15.2    67.4
   1920   3   12.3     3.9       4    53.3   136.9
   1920   4   12.7     6.3       0    87.0    96.2
   1920   5   17.3     8.2       0    43.4   214.0
   1920   6   19.5    11.0       0    55.5   213.5
   1920   7   18.2    11.5       0   133.7   125.1
   1920   8   18.6    10.0       0    41.9   182.0
   1920   9   18.3     9.8       0    52.5   103.6
   1920  10   15.7     8.5       0    77.8   122.4
   1920  11   11.2     3.8       5    57.3    82.2
   1920  12    7.5     2.3      10    80.3    40.0
   1921   1   10.2     4.9       3    91.0    26.2
   1921   2    8.8     1.4       6     8.9    72.1
   1921   3   12.0     3.1       4    31.6   124.8
   1921   4   15.1     3.8       3    24.7   227.5
   1921   5   18.0     7.5            32.8   236.3
   1921   6   21.3     9.9       0     3.5   255.9
   1921   7   25.3    13.0       0    16.3   278.4
   1921   8   21.2    12.2       0    54.6   173.9
   1921   9   21.2    10.8       0    19.7   177.3
   1921  10   19.4     9.1            24.5   176.4
   1921  11    9.8     3.8       6    54.8    71.6
   1921  12   10.0     4.5       3    43.3    37.0
   1922   1    8.0     2.1       8   122.7    33.9
   1922   2    9.4     2.5       9    80.6    89.4
   1922   3    9.5     2.6       6    58.2   121.5
   1922   4   11.4     3.0       3    85.9   170.8
   1922   5   19.3     8.2       0    19.7   282.8
   1922   6   20.2    10.5       0    50.9   238.4
   1922   7   18.6    11.4       0   108.7   171.1
   1922   8   18.4    11.4       0    77.5   126.9
   1922   9   17.6     9.9       0    48.1   141.4
   1922  10   13.1     5.6       3    31.6   151.4
   1922  11    9.4     2.6       6    57.1    64.0
   1922  12    9.0     3.3       3   133.3    48.9
   1923   1    8.9     0.6      13    42.8    64.8
   1923   2    9.9     3.6       2   150.6    62.2
   1923   3   10.9     3.8            47.9   106.2
   1923   4   12.6     4.9       1    77.9   134.8
   1923   5   15.4     6.6       0    44.0   191.7
   1923   6   18.2     9.9       0     9.6   157.3
   1923   7   23.2    14.0       0    23.3   222.4
   1923   8   21.3    11.9       0    58.2   257.1
   1923   9   18.7     9.0       0    52.5   191.0
   1923  10   14.6     7.4           144.0   101.0
   1923  11    7.4    -0.1      14    44.6   104.8
   1923  12    8.1     1.0      12    80.8    52.7
   1924   1    8.4     3.2       5    76.4    59.4
   1924   2    6.3     0.1      15    10.1    75.6
   1924   3    9.3     0.7      15    38.2   179.9
   1924   4   12.4     3.5       7    84.1   148.1
   1924   5   16.5     8.2       0   106.5   201.8
   1924   6   18.7    10.6       0    68.5   217.9
   1924   7   20.1    11.6       0    90.1   247.6
   1924   8   18.9    11.2       0    75.7   175.5
   1924   9   17.5    11.0       0   133.6   131.6
   1924  10   14.6     8.5           113.7    77.4
   1924  11   10.9     5.3       2    76.1    58.9
   1924  12    9.7     4.2       3   155.5    55.3
   1925   1    9.1     3.1       5   108.1    53.3
   1925   2    9.2     2.8       3   116.9    83.1
   1925   3    9.1     1.6      10    12.0   139.6
   1925   4   12.3     3.9       1    66.9   170.8
   1925   5   16.2     8.0       0    95.3   223.0
   1925   6   22.7    10.9       0     0.0   326.9
   1925   7   22.5    13.1       0    68.7   222.5
   1925   8   20.0    12.8       0   109.7   168.6
   1925   9   16.9     8.2       0    78.2   151.2
   1925  10   15.7     8.3       1   101.6   121.6
   1925  11    8.1     1.9      12    73.0    96.8
   1925  12    6.9     1.9       8    93.0    74.8
   1926   1    8.1     2.7       7   134.6    54.6
   1926   2   10.6     5.6            54.8    48.0
   1926   3   10.8     3.6       1    16.3   121.7
   1926   4   13.5     5.3       0    83.6   115.2
   1926   5   15.7     7.6       0    38.1   193.8
   1926   6   18.8    10.2       0    71.5   230.0
   1926   7   22.0    13.7       0    43.8   196.7
   1926   8   22.1    13.3       0    27.7   225.5
   1926   9   20.4    12.3       0    12.4   137.9
   1926  10   13.4     5.6       3    62.6   106.6
   1926  11   10.6     4.7       3   190.8    37.1
   1926  12    7.1     2.0       5     9.9    50.1
   1927   1    8.2     2.2       7    60.4    49.4
   1927   2    7.9     1.7      11   107.5    47.5
   1927   3   11.1     4.9       1    92.9   127.9
   1927   4   13.7     5.1       1    49.7   180.0
   1927   5   17.9     8.3       0    19.3   265.8
   1927   6   18.3     9.6       0    61.7   197.6
   1927   7   20.2    13.2       0    70.5   152.9
   1927   8   20.1    13.0       0   108.2   182.4
   1927   9   17.1    10.3       0   153.2   123.4
   1927  10   15.1     7.8       0    51.2   117.2
   1927  11   10.0     4.2       5    79.3    60.0
   1927  12    5.1     1.0      12   103.8    33.5
   1928   1    9.3     2.5       6   143.7    73.7
   1928   2   10.3     3.2       3    65.0   114.3
   1928   3   10.4     4.1       5    84.6   100.7
   1928   4   13.2     5.0       2    51.9   134.9
   1928   5   16.9     7.8       0    28.7   176.4
   1928   6   18.4    10.1       0    59.3   219.1
   1928   7   23.3    12.6       0    40.7   277.3
   1928   8   20.6    12.6       0    72.9   197.2
   1928   9   19.2     8.9       0    29.6   234.3
   1928  10   14.8     7.9       0   184.5   115.7
   1928  11   11.7     6.3       1    75.1    73.2
   1928  12    7.4     0.9       8    74.9    48.9
   1929   1    4.4    -0.3      15    40.2    53.3
   1929   2    4.1    -2.5      17    30.5    61.2
   1929   3   12.9     1.5       9     4.4   186.8
   1929   4   12.2     2.6       5    27.8   165.3
   1929   5   17.5     7.3       0    50.1   259.5
   1929   6   19.5     9.8       0    35.5   230.2
   1929   7   21.7    12.1       0    51.8   261.0
   1929   8   20.2    12.2       0    44.9   200.8
   1929   9   23.1    12.2       0    10.7   201.7
   1929  10   14.5     6.9       1   126.8   109.8
   1929  11   11.7     4.6       5   230.2    72.3
   1929  12    9.8     4.1       4   188.8    68.8
   1930   1    9.4     4.3       3   127.5    52.3
   1930   2    6.2     0.8      10    31.6    75.0
   1930   3    9.8     2.3       6    42.5   115.5
   1930   4   12.4     5.1            73.8   132.4
   1930   5   16.0     7.7       0    52.8   144.0
   1930   6   21.2    11.8       0    18.5   237.5
   1930   7   20.3    12.3       0    51.2   209.5
   1930   8   21.0    13.0       0   117.1   223.1
   1930   9   18.5    11.3       0    80.4   146.5
   1930  10   15.1     8.4       1    58.7   118.2
   1930  11   11.1     4.4       4   145.2    74.4
   1930  12    8.0     2.4       8   106.0    40.5
   1931   1    6.7     1.1      12    57.9    66.6
   1931   2    8.0     1.5       7    57.2    80.3
   1931   3    8.9     1.4      12    25.1   125.4
   1931   4   12.2     4.9       0    73.8   112.2
   1931   5   16.0     8.4       0    77.3   158.0
   1931   6   19.5    11.5       0    80.9   185.5
   1931   7   19.0    12.4       0    90.5   154.1
   1931   8   19.4    12.2       0   142.6   138.5
   1931   9   16.5     8.6       0    51.9   127.4
   1931  10   14.0     6.1       6    17.0   111.2
   1931  11   11.7     5.9       0   101.3    59.7
   1931  12    8.6     3.5       5    17.8    37.2
   1932   1    9.7     4.3       4    82.7    43.1
   1932   2    6.4     0.6      13     3.5    66.9
   1932   3    9.6     0.8      13    32.1   129.0
   1932   4   11.2     4.4       1    79.0   111.1
   1932   5   14.8     7.1       0   144.8   109.4
   1932   6   20.4    10.1       0    50.6   216.4
   1932   7   20.1    12.7       0    77.4   132.5
   1932   8   22.7    14.2       0    30.0   175.5
   1932   9   18.1    10.9       0    94.2   100.0
   1932  10   13.7     5.9       1   153.3    98.8
   1932  11   10.0     4.8       1    48.5    47.6
   1932  12    8.7     3.6       5    38.6    48.7
   1933   1    5.7     0.1      15    54.6    49.1
   1933   2    8.0     1.9      11    94.2    76.7
   1933   3   12.2     3.9       1    95.9   188.7
   1933   4   14.5     5.0       2    29.0   174.3
   1933   5   18.0     8.8       0    47.8   184.8
   1933   6   21.6    11.6       0    45.3   243.5
   1933   7   23.1    14.0       0    43.7   255.2
   1933   8   23.8    13.5       0    23.6   254.8
   1933   9   20.9    11.6       0    80.9   182.8
   1933  10   14.8     7.3       1    47.5   108.3
   1933  11    9.1     3.1       3    17.5    76.4
   1933  12    3.9    -1.0      18    20.1    47.3
   1934   1    7.7     0.6      14    75.9    46.3
   1934   2    7.8    -0.8      17     2.7    90.3
   1934   3    9.5     1.5       6    81.2   113.8
   1934   4   12.7     4.6       1    52.1   122.4
   1934   5   17.9     7.8       0    21.2   234.0
   1934   6   20.5    11.4       0    38.2   221.7
   1934   7   23.2    13.7       0    24.8   287.7
   1934   8   20.9    11.4       0    90.0   182.6
   1934   9   20.0    10.6       0    66.7   168.9
   1934  10   14.3     7.8       1    45.1    63.0
   1934  11    9.3     3.8       5    62.7    36.9
   1934  12   11.2     6.5           239.6    36.5
   1935   1    7.7     2.5       3    20.6    68.5
   1935   2    9.4     3.2       4    94.3    63.6
   1935   3   10.7     2.8       5    25.6   119.7
   1935   4   12.5     5.3       1    85.9   131.8
   1935   5   16.1     7.1       0    37.3   184.4
   1935   6   18.9    12.1       0   106.1   199.4
   1935   7   23.7    13.5       0    60.2   279.3
   1935   8   22.4    12.4       0    71.7   208.6
   1935   9   18.4    11.7       0   100.1   151.2
   1935  10   13.9     7.4       1   146.1    85.0
   1935  11   10.6     5.0       1   199.7    46.3
   1935  12    6.9     2.4       6    99.5    41.6
   1936   1    8.2     3.1       4   146.6    28.6
   1936   2    7.0     0.7      10    82.5    82.9
   1936   3   10.6     4.4       2    62.5    76.1
   1936   4   11.0     3.0       3    53.7   145.7
   1936   5   17.8     8.0       0    13.8   216.7
   1936   6   19.4    11.2       0    80.6   193.4
   1936   7   19.1    12.8       0   100.4   138.1
   1936   8   21.5    12.2       0    10.4   206.9
   1936   9   18.7    11.4       0    93.8   110.3
   1936  10   13.7     5.6            29.9   109.9
   1936  11    9.5     3.9       3    96.2    62.5
   1936  12    8.7     3.3       5    91.5    60.4
   1937   1    9.0     3.9       4   171.8    52.2
   1937   2    9.7     4.0       2   143.0    64.4
   1937   3    8.2     1.5      10    98.7   134.4
   1937   4   13.7     7.0       0    55.7   134.4
   1937   5   17.2     9.1       0    75.2   188.4
   1937   6   20.0    10.8       0    36.4   214.0
   1937   7   20.5    13.0       0    28.7   157.9
   1937   8   23.0    13.2       0    31.5   221.6
   1937   9   18.7     9.8       0    46.5   152.3
   1937  10   15.1     8.1       0    93.0    98.6
   1937  11    9.1     2.4       8    55.6    62.6
   1937  12    6.6     1.8       9   147.6    35.3
   1938   1    9.4     3.4       2    95.3    46.1
   1938   2    8.1     2.9       2    17.3    80.8
   1938   3   14.2     4.9       3     8.6   169.3
   1938   4   13.6     3.4       3     0.8   189.3
   1938   5   15.2     6.9       0    51.3   166.0
   1938   6   19.5    11.1       0    19.6   190.8
   1938   7   19.5    12.0       0    63.3   140.5
   1938   8   21.8    13.3       0    63.0   157.4
   1938   9   19.0    10.9       0    42.9   135.1
   1938  10   14.6     7.9       0    92.7   113.5
   1938  11   12.8     7.7       1   134.9    49.5
   1938  12    7.4     2.3       6   100.8    50.9
   1939   1    8.1     3.5       3   150.4    57.2
   1939   2    9.8     3.3       3    33.6    94.4
   1939   3   10.1     3.7       1    33.3    99.5
   1939   4   13.9     5.4       0    54.6   190.3
   1939   5   17.0     8.0       0    33.0   218.1
   1939   6   20.0    10.4       0    48.8   226.0
   1939   7   18.7    10.9       0   119.6   155.7
   1939   8   21.6    12.2       0    51.8   202.1
   1939   9   19.4     9.7       0    56.4   188.5
   1939  10   12.7     5.1           153.7   103.1
   1939  11   12.5     6.4       1   160.8    43.2
   1939  12    6.5     0.9      12    46.7    43.0
   1940   1    3.1    -2.7      24    67.6    75.0
   1940   2    7.0     1.8      10    74.9    29.0
   1940   3   10.8     3.4       7    81.3   126.3
   1940   4   13.3     6.5       2    31.0   132.1
   1940   5   18.9     7.2       0     7.9   255.7
   1940   6   23.1    12.3       0     5.3   287.3
   1940   7   20.2    11.7       0    98.3   208.0
   1940   8   22.1    12.1       0     0.0   238.1
   1940   9   19.4     9.3       0    41.4   193.1
   1940  10   14.1     7.6       0   115.8   112.9
   1940  11   11.5     4.4       2   216.4    82.4
   1940  12    ---     ---     ---    62.2     ---
   1941   1    ---     ---     ---    91.5     ---
   1941   2    ---     ---     ---    79.5     ---
   1941   3    ---     ---     ---   106.7     ---
   1941   4    ---     ---     ---    44.9     ---
   1941   5    ---     ---     ---    43.9     ---
   1941   6    ---     ---     ---    41.4     ---
   1941   7    ---    13.2       0    47.2   238.7
   1941   8   19.9    12.1       0    88.6   212.9
   1941   9   19.9    10.8       0    34.3   151.7
   1941  10   15.6     7.2       0    25.4   139.3
   1941  11   11.0     4.7       2    69.1    49.4
   1941  12    8.9     3.1       7    54.1    42.1
   1942   1    4.8    -0.8      18    90.0    57.0
   1942   2    4.2    -2.2      24     9.4    51.6
   1942   3   10.1     2.6       5    67.8    86.8
   1942   4   15.0     5.1       0    49.5   217.7
   1942   5   16.6     6.8       0    70.6   217.8
   1942   6   21.1     9.4       0    11.2   261.1
   1942   7   20.7    11.9       0    45.0   173.0
   1942   8   21.3    12.9       0    89.2   165.1
   1942   9   19.0    10.7       0    56.6   135.8
   1942  10   15.7     8.0       0   102.6    86.9
   1942  11    9.5     2.7       5    40.1    84.3
   1942  12   10.2     5.1       1    97.5    57.3
   1943   1    9.1     3.6       5   149.9    54.9
   1943   2   10.2     2.7       5    31.1    93.1
   1943   3   12.5     3.2       3    15.7   153.8
   1943   4   16.4     6.9       0    21.3   181.0
   1943   5   18.1     8.1       0    88.9   247.9
   1943   6   19.9    10.8       0    32.8   230.8
   1943   7   22.1    12.6       0    53.6   207.5
   1943   8   21.3    12.8       0    35.1   224.4
   1943   9   19.1     9.3       0    48.8   158.7
   1943  10   16.4     7.9       0    94.0   132.2
   1943  11   10.5     3.3       6    38.3    80.8
   1943  12    7.3     2.0       4    51.3    47.0
   1944   1   10.3     4.4       3    63.5    51.0
   1944   2    7.0     1.5       9    10.9    77.4
   1944   3   10.5     0.7      11     5.3   145.2
   1944   4   15.9     6.2       0    38.2   178.3
   1944   5   18.6     6.5       0    14.7   263.0
   1944   6   19.5    10.3       0    53.1   198.9
   1944   7   20.9    13.4       0    68.8   119.2
   1944   8    ---    13.8       0    55.2   236.2
   1944   9    ---     8.9       0    44.2   163.4
   1944  10    ---     6.4       0   104.5   126.8
   1944  11   10.5     3.9       2   139.0    53.7
   1944  12    7.7     1.6       8    69.6    71.0
   1945   1    4.3    -1.6      18    47.0    65.1
   1945   2   11.3     4.7       1    54.0    60.6
   1945   3   12.9     3.8       4    20.6   150.4
   1945   4   16.1     6.2       1    27.7   218.4
   1945   5   18.1     8.5       1    69.9     ---
   1945   6   19.5    10.8       0    99.3   197.2
   1945   7   21.8    12.8       0    56.1   214.4
   1945   8   21.9    12.7       0    47.2     ---
   1945   9   19.1    12.0       0    49.3    87.9
   1945  10   17.4     8.9       0    83.3   131.5
   1945  11   11.5     5.5       1     8.1    63.5
   1945  12    9.5     3.5       5   105.4    50.3
   1946   1    7.0     1.0      15    69.3    63.2
   1946   2   10.2     3.8       4    76.7     ---
   1946   3    9.6     2.1       7    23.4    94.0
   1946   4   16.0     5.4       1    69.1   191.2
   1946   5   16.7     7.5       0   108.2   197.3
   1946   6   17.7     9.7       0    96.5   147.6
   1946   7   22.1    12.3       0    24.6   213.9
   1946   8   19.9    11.6       0   110.0   156.9
   1946   9   18.5    10.8       0    93.5   115.6
   1946  10   14.6     8.0       1    35.8    96.4
   1946  11   12.0     6.1       0   139.4    56.9
   1946  12    7.1     0.2      13    84.3    78.1
   1947   1    6.3    -0.3      17    75.4    65.7
   1947   2    1.7    -2.4      22    45.0    31.1
   1947   3    8.9     2.3       9   170.4    71.7
   1947   4   13.8     5.4       0    54.8   149.4
   1947   5   18.7     9.1       0    27.9   158.6
   1947   6   21.3    11.8       0    34.3   210.3
   1947   7   23.1    13.7       0    22.9   197.9
   1947   8   26.8    14.7       0    24.6   242.4
   1947   9   21.4    11.1       0    28.2   147.2
   1947  10   16.5     6.9       1    29.7   130.7
   1947  11   11.6     4.8       6    34.0    71.8
   1947  12    8.6     3.2       7    70.9    48.4
   1948   1    9.8     3.5       4   142.0    43.7
   1948   2    8.8     2.1      10    30.0    84.7
   1948   3   13.9     3.8       1    23.1   176.8
   1948   4   15.6     5.2       0    44.7   208.3
   1948   5   19.1     7.5       0    96.3   238.6
   1948   6   19.4    10.7       0    59.2   165.3
   1948   7   21.5    12.4       0    21.1   192.8
   1948   8   20.2    11.9       0    92.2   150.0
   1948   9   19.5    10.5       0    86.1   143.9
   1948  10   15.5     6.6       2    46.7   112.6
   1948  11   12.2     5.0       2    43.2    81.6
   1948  12    9.5     3.8       6   122.2    70.2
   1949   1    9.7     3.0       9    20.1    75.0
   1949   2   10.8     2.3       6    36.3   123.8
   1949   3   10.3     1.9       9    37.1   127.4
   1949   4   15.9     6.5       0    46.2   225.3
   1949   5   17.3     7.0       0    63.5   245.1
   1949   6   21.5    10.9       0    11.9   279.4
   1949   7   24.7    13.1       0     8.1   301.7
   1949   8   24.0    13.0       0    24.4   236.4
   1949   9   22.6    13.3       0    85.6   159.1
   1949  10   17.8     9.4       0   217.2   134.5
   1949  11   11.6     4.4       2    95.8    79.7
   1949  12   10.0     3.7       3    35.6    68.2
   1950   1    7.7     2.8       7    20.1    41.3
   1950   2   10.3     4.0       4   127.0    79.4
   1950   3   13.0     4.5       2    39.4   153.4
   1950   4   13.6     4.7       0    62.0   210.1
   1950   5   17.9     7.8       0    32.2   214.8
   1950   6   22.2    12.1       0    43.4   262.0
   1950   7   21.2    13.1       0   110.7   205.6
   1950   8   21.0    12.8       0   102.9   208.1
   1950   9   18.0    10.6       0    87.4   122.1
   1950  10   14.7     7.5       2    13.5   104.7
   1950  11   10.8     4.0       1   151.6    70.8
   1950  12    4.9    -0.7      17    40.4    58.8
   1951   1    8.0     2.6       7   102.4    51.3
   1951   2    8.0     1.9       3   153.7    76.5
   1951   3    9.0     2.3       4   109.1    94.5
   1951   4   12.6     3.4            87.2   207.5
   1951   5   15.4     7.1       0    69.7   191.2
   1951   6   20.1    10.1       0    29.3   278.6
   1951   7   22.4    12.9       0    53.8   233.4
   1951   8   20.1    12.0       0   125.9   192.8
   1951   9   19.2    11.3       0    86.1    94.2
   1951  10   15.4     6.3       3    28.3   144.4
   1951  11   12.4     6.6       1   234.7    69.3
   1951  12    9.9     4.5       2    70.2    53.6
   1952   1    7.4     0.9      11    59.8    93.2
   1952   2    7.6     0.8       8    17.2    81.5
   1952   3   10.7     4.5       3    65.5    88.1
   1952   4   15.1     5.9       3    51.0   158.8
   1952   5   18.8     9.4       0    77.1   220.6
   1952   6   20.7    10.8       0    30.5   234.8
   1952   7   23.4    13.0       0     7.9   208.1
   1952   8   21.8    13.2       0   103.2   202.3
   1952   9   17.0     7.8       0    99.8   158.8
   1952  10   14.2     7.0       0   127.7    98.7
   1952  11    8.0     2.1       7    94.3    61.3
   1952  12    7.0     1.3      12    61.0    63.5
   1953   1    6.5     1.2      11    23.6    43.3
   1953   2    7.8     1.5       7    36.2    69.8
   1953   3   12.3     1.1      12    13.8   152.1
   1953   4   13.7     4.6       0    45.9   189.0
   1953   5   18.4     8.9       0    67.5   226.2
   1953   6   20.3    11.0       0    68.8   190.4
   1953   7   20.6    12.3       0   111.3   195.4
   1953   8   22.3    13.1       0    47.4   243.4
   1953   9   19.7    10.6       0    87.8   171.8
   1953  10   15.7     7.0       0   143.8   107.1
   1953  11   12.3     6.3       0    34.0    47.8
   1953  12   10.7     5.7       1    20.3    28.7
   1954   1    6.4     0.8      13    36.9    72.2
   1954   2    6.7     1.1       8    81.0    62.2
   1954   3   11.0     3.6       4    83.6   122.0
   1954   4   13.9     3.2       1     6.1   223.7
   1954   5   16.9     7.0       0    53.1   168.1
   1954   6   18.4    10.1       0    90.0   151.2
   1954   7   19.3    11.2       0    66.2   159.8
   1954   8   20.0    11.5       0    96.1   148.9
   1954   9   18.3     9.8       0    77.8   170.9
   1954  10   16.4     9.5       1    81.4    88.0
   1954  11   12.1     4.5       2   139.3    58.1
   1954  12   10.3     4.6       2    74.4    45.0
   1955   1    6.5     1.1      11    91.0    29.2
   1955   2    6.2    -0.3      18    52.2    89.7
   1955   3    8.2    -0.1      19    29.9   175.3
   1955   4   14.9     5.0       0     9.4   178.9
   1955   5   15.5     6.1       0   108.1   222.6
   1955   6   19.8    10.9       0    69.3   179.2
   1955   7   24.6    13.2       0    33.8   284.5
   1955   8   24.7    13.8       0    24.4   220.6
   1955   9   20.1    10.1       0    42.8   171.6
   1955  10   15.1     5.8       4   118.6   125.8
   1955  11   11.6     4.8       4    70.5    74.3
   1955  12   10.7     4.3       2   107.0    30.2
   1956   1    8.6     1.3      13   122.7    60.5
   1956   2    3.9    -3.3      22     2.6    96.7
   1956   3   11.8     3.2       6    17.4   159.3
   1956   4   13.2     3.2       1    51.6   171.0
   1956   5   19.6     7.2       0     7.3   267.6
   1956   6   19.4    10.2       0    52.0   165.9
   1956   7   21.4    12.8       0    57.5   187.5
   1956   8   19.8    10.7       0    88.9   187.6
   1956   9   19.6    11.9       0   111.3   121.4
   1956  10   15.5     6.6            44.2   123.5
   1956  11   10.3     3.0       7    21.0    88.8
   1956  12    9.4     4.3       4   140.5    22.9
   1957   1    9.1     3.5       3    74.6    56.6
   1957   2   10.3     3.6       5   104.0    64.6
   1957   3   13.7     6.2       1    52.5    96.7
   1957   4   15.3     5.6       0     2.3   183.0
   1957   5   16.9     7.0       0    39.8   226.2
   1957   6   23.4    11.1       0    42.9   302.4
   1957   7   22.2    13.8       0   109.2   176.3
   1957   8   21.4    12.7       0    88.5   175.4
   1957   9   18.2    10.1       0    67.3   123.7
   1957  10   16.5     8.6       0    61.0    99.5
   1957  11   10.1     4.5       1    67.0    70.5
   1957  12    9.0     2.5       9    53.3    62.2
   1958   1    7.9     1.7       8   117.9    54.1
   1958   2   10.3     3.3       7    72.2    44.6
   1958   3    8.8     1.8      11    38.7   107.6
   1958   4   13.0     3.9       4    15.0   169.3
   1958   5   16.9     8.2       0    54.8   208.8
   1958   6   19.4    10.8       0    87.4   153.6
   1958   7   21.4    12.8       0    45.3   197.6
   1958   8   20.6    13.3       0   111.0   136.1
   1958   9   20.1    12.1       0   123.7   140.3
   1958  10   15.8     8.9       0    81.3    98.0
   1958  11   10.4     4.7            61.5    58.4
   1958  12    9.3     3.3       4   115.7    33.6
   1959   1    7.1    -0.2      17    85.9    98.0
   1959   2    8.1     1.6       9     4.4    62.3
   1959   3   12.5     4.8       0    84.9   121.3
   1959   4   15.1     6.4       0    69.1   166.4
   1959   5   19.6     8.5       0    17.2   248.1
   1959   6   21.8    11.1       0    24.7   232.4
   1959   7   24.2    13.1       0    42.0   296.9
   1959   8   24.2    13.3       0    39.6   245.3
   1959   9   23.5    10.0       0     2.0   246.5
   1959  10   18.3     8.9       0    78.5   161.5
   1959  11   12.0     3.9       5    97.0    62.5
   1959  12   10.6     4.0       2   164.2    40.6
   1960   1    7.3     2.2      11   102.5    38.1
   1960   2    8.9     1.8       8    75.6    84.9
   1960   3   10.8     4.3       1    53.9    82.0
   1960   4   14.8     5.8       0    31.6   173.8
   1960   5   18.8     9.1       0    36.7   191.7
   1960   6   22.0    11.9       0    62.0   252.5
   1960   7   19.8    12.1       0   113.3   166.6
   1960   8   20.5    12.0       0   152.4   166.2
   1960   9   18.4    10.4       0   123.3   133.4
   1960  10   15.2     8.6           180.2    89.0
   1960  11   12.5     5.4       2   135.4    85.3
   1960  12    7.9     2.3       4    99.8    61.6
   1961   1    8.1     2.1       6   126.4    52.6
   1961   2   11.0     5.7       0    61.4    64.4
   1961   3   14.6     3.8       2     3.1   173.0
   1961   4   13.7     7.9       0   105.1    97.4
   1961   5   17.3     7.4       0    33.5   229.8
   1961   6   21.0    10.0       0    18.6   243.2
   1961   7   21.9    12.2       0    29.7   208.0
   1961   8   21.6    12.8       0    23.5   172.5
   1961   9   21.1    12.5       0    92.8   128.0
   1961  10   16.6     8.6       0    97.7   136.7
   1961  11   10.4     4.4       3    62.1    61.3
   1961  12    7.5     1.3      15    86.1    70.9
   1962   1    8.6     2.6       6   131.6    45.9
   1962   2    8.8     2.1       5    13.7    83.7
   1962   3    8.1     0.2      15    33.2   123.3
   1962   4   13.5     4.8       0    38.2   148.9
   1962   5   14.8     7.3       0    62.8   170.3
   1962   6   20.2     9.7       0     9.0   268.1
   1962   7   20.7    12.3       0    40.7   147.0
   1962   8   20.6    11.8       0    82.2   170.5
   1962   9   18.4     9.9       0   106.7   152.2
   1962  10   16.5     7.6            38.1   138.7
   1962  11    9.8     3.7       6    77.3    37.6
   1962  12    6.6    -0.1      16    70.7    88.1
   1963   1    1.2    -4.6      29    14.8    84.3
   1963   2    3.3    -2.1      21    34.0    80.8
   1963   3   10.6     3.4       4   114.4   112.5
   1963   4   13.9     6.0            96.1   125.1
   1963   5   16.5     7.0       0    42.3   204.7
   1963   6   20.4    11.6       0    62.6   177.8
   1963   7   20.8    11.9       0    31.0   202.7
   1963   8   19.9    11.9       0    87.3   155.7
   1963   9   18.9    10.5       0    66.6   133.1
   1963  10   15.4     8.9       0    43.9    64.8
   1963  11   13.1     7.0       0   151.5    70.3
   1963  12    6.1     0.5      14    35.8    56.4
   1964   1    6.8     1.6       8    10.9    28.9
   1964   2    8.6     2.9       5    28.4    48.8
   1964   3    8.5     3.0       3   111.8    66.7
   1964   4   13.6     5.7            64.8   129.2
   1964   5   19.0     9.8       0    66.8   194.1
   1964   6   19.7    11.1       0    61.1   164.9
   1964   7   22.8    13.0       0    19.4   207.8
   1964   8   22.1    12.5       0    22.3   195.8
   1964   9   21.1    11.0       0    18.6   209.6
   1964  10   14.6     5.6            57.2   129.8
   1964  11   12.2     5.9       2    62.8    51.5
   1964  12    8.2     1.6      10    87.2    61.3
   1965   1    7.6     1.6      10    95.3    82.5
   1965   2    6.8     1.0       9     3.7    46.5
   1965   3   10.8     2.7       9    92.1   138.8
   1965   4   14.1     4.8       0    29.1   152.5
   1965   5   16.6     8.3       0    47.9   189.2
   1965   6   19.7    10.6       0    53.9   180.4
   1965   7   19.5    11.7       0    80.9   142.1
   1965   8   20.9    11.9       0    63.5   173.9
   1965   9   17.9     9.4       0   106.7   124.4
   1965  10   17.0     8.1       0    14.5   137.4
   1965  11    9.9     3.1       7   106.5    86.3
   1965  12    9.7     2.8       5   131.6    67.6
   1966   1    6.5     1.9      11    52.7    42.0
   1966   2   10.1     5.1       1   142.0    33.7
   1966   3   11.9     3.3       2    26.1   131.7
   1966   4   13.1     5.9       2    97.0    90.5
   1966   5   17.4     7.6       0    60.4   239.2
   1966   6   21.4    12.1       0    69.2   226.5
   1966   7   21.0    12.1       0    56.0   173.9
   1966   8   20.8    11.7       0    75.4   178.7
   1966   9   20.2    10.7       0    49.7   168.9
   1966  10   15.8     8.6       0   150.1    85.2
   1966  11   10.0     3.4       3    49.7    60.8
   1966  12   10.4     3.4       4    67.1    41.9
   1967   1    8.3     2.5      11   102.5    67.2
   1967   2   10.2     3.2       6    90.7    91.1
   1967   3   12.5     4.3       1    58.1   168.8
   1967   4   13.7     5.2       1    46.3   153.0
   1967   5   16.1     8.0       1   108.8   197.9
   1967   6   20.7    10.7       0    36.2   225.6
   1967   7   22.9    13.3       0    26.5   248.6
   1967   8   21.4    12.7       0    65.0   189.0
   1967   9   18.9    11.5       0   105.7   120.9
   1967  10   15.7     9.3       0   179.6    93.0
   1967  11   10.6     3.0       4    54.0    93.6
   1967  12    8.2     2.1      11    75.4    52.9
   1968   1    8.0     2.2       8    67.8    43.0
   1968   2    6.6     0.1      17    55.2    82.5
   1968   3   11.6     3.8       3    24.0   156.6
   1968   4   13.8     4.8       8    63.2   193.5
   1968   5   16.4     7.3       0    66.9   195.1
   1968   6   20.6    11.8       0   108.3   192.4
   1968   7   21.2    12.5       0    58.5   180.6
   1968   8   20.7    12.9       0    42.0   135.8
   1968   9   19.0    11.7       0   175.9   141.5
   1968  10   16.9    11.1       0   107.3    61.9
   1968  11   10.4     5.3       2    45.1    56.8
   1968  12    6.8     1.9      10    85.4    40.9
   1969   1    9.6     4.3       3   130.3    46.2
   1969   2    6.1    -0.1      14    44.9    86.6
   1969   3    9.2     2.1       7    75.9    78.3
   1969   4   14.2     4.3       0    22.0   212.3
   1969   5   16.9     8.5       0    82.9   178.7
   1969   6   21.0    10.5       0    29.3   288.6
   1969   7   23.5    13.4       0    49.4   265.1
   1969   8   22.2    13.4       0    67.9   172.8
   1969   9   19.8    11.9       0    35.5   104.3
   1969  10   18.4    10.2       0     2.8   129.0
   1969  11   10.8     3.8       5   130.1    91.5
   1969  12    7.8     2.1       6    94.6    35.2
   1970   1    7.9     3.1       7   115.4    37.5
   1970   2    7.8     1.8       9    63.3   110.8
   1970   3    8.5     1.5      12    49.5   110.1
   1970   4   11.2     4.2       4    42.1   139.9
   1970   5   18.3     9.1       0    30.5   236.4
   1970   6   22.4    12.8       0    36.2   265.9
   1970   7   20.3    12.3       0    56.0   202.0
   1970   8   21.3    13.1       0    61.3   195.8
   1970   9   19.5    11.8       0    68.7   163.3
   1970  10   15.6     8.4       0    13.2   109.3
   1970  11   12.5     6.7       1   221.4    63.7
   1970  12    7.5     2.3       9    26.6    64.2
   1971   1    8.1     3.4       5   110.6    47.5
   1971   2    8.7     2.1       6    26.8    75.2
   1971   3    9.2     2.5       6    72.3   120.2
   1971   4   12.8     5.2       1    52.1   163.7
   1971   5   17.5     8.4       0    30.5   237.6
   1971   6   17.8    10.1       0   129.8   174.1
   1971   7   23.3    13.7       0    40.2   269.7
   1971   8   20.5    13.7       0    54.9   150.7
   1971   9   20.7    10.5       0     8.9   207.2
   1971  10   16.8     8.7       0    61.9   153.3
   1971  11   10.9     3.0       8    55.0   101.2
   1971  12    9.5     4.9       3    29.4    33.9
   1972   1    7.5     2.8       6    85.7    39.7
   1972   2    8.3     3.6       1    88.0    44.3
   1972   3   12.2     4.1       1    62.6   169.0
   1972   4   13.4     6.2       0    64.4   163.5
   1972   5   14.8     7.9       0    71.1   167.3
   1972   6   15.7     9.1       0    43.3   176.7
   1972   7   21.0    12.6       0    41.9   193.2
   1972   8   21.6    12.1       0    36.1   216.9
   1972   9   18.0     9.1       0    26.8   150.4
   1972  10   15.6     8.5       0    38.4   112.8
   1972  11   10.6     4.1       5    77.5    84.1
   1972  12   10.0     4.7       2   125.7    59.5
   1973   1    8.0     2.5       9    36.9    35.6
   1973   2    8.6     1.6      10    23.1    91.2
   1973   3   11.4     2.5       5    19.1   153.7
   1973   4   13.0     4.3       2    50.4   169.7
   1973   5   16.3     8.4       0    72.1   180.1
   1973   6   21.0    11.3       0    34.3   250.3
   1973   7   21.6    12.7       0    30.3   184.6
   1973   8   23.3*   13.9       0    35.5   209.4
   1973   9   20.5    11.8       0    43.8   182.3
   1973  10   14.4     6.6       0    36.8   111.7
   1973  11   11.2     4.4       6    25.4*   96.9
   1973  12    9.3     3.2       8    64.5    67.3
   1974   1    9.8     4.7       1   141.2    44.0
   1974   2    9.7     3.7       0   118.5    73.9
   1974   3   10.6     3.8       3    26.1   126.5
   1974   4   15.0     5.3       0    16.0   198.3
   1974   5   16.6     7.5       0    42.0   236.7
   1974   6   19.9    10.7       0    93.6   216.4
   1974   7   20.0    12.5       0    48.0   188.4
   1974   8   20.5    12.1       0    80.2   200.1
   1974   9   17.3    10.2       0   160.5   148.4
   1974  10   12.3     5.6       0    50.4   116.6
   1974  11   11.3     6.1       0   166.3    59.6
   1974  12   11.1     6.5       0    44.5    55.2
   1975   1   10.5     5.2       1   129.5    48.6
   1975   2    9.7     2.7       2    25.3    97.2
   1975   3    9.1     3.2       6    98.2    89.0
   1975   4   13.3     5.2       5    31.7   161.4
   1975   5   15.9     7.5       0    41.3   178.6
   1975   6   22.9    10.9       0    17.0   321.8
   1975   7   23.6    13.8       0    24.9   247.2
   1975   8   24.5    14.5       0    36.4   247.5
   1975   9   19.0    10.6       0   163.6   143.8
   1975  10   15.2     8.1       0    31.1   129.1
   1975  11   11.2     4.2       2    58.8   100.9
   1975  12    8.3     2.4       9    33.2    60.0
   1976   1    9.0     3.8       6    12.2    57.1
   1976   2    7.7     3.2       5    31.1    40.2
   1976   3    9.5     2.4       9    16.5   132.8
   1976   4   14.0     4.4       0     9.9   198.8
   1976   5   17.6     8.9       0    32.1   246.4
   1976   6   23.8    13.3       0    10.5   266.2
   1976   7   25.5    14.9       0    16.9   293.3
   1976   8   25.4    13.6       0    29.4   311.8
   1976   9   18.7    11.0       0   138.0   136.2
   1976  10   14.9     9.3       0   132.5    60.8
   1976  11   10.6     4.3       2   154.6    69.5
   1976  12    6.3     0.7      12    94.9    65.0
   1977   1    6.8     1.8      12    76.1    44.0
   1977   2    9.6     4.0      -    122.7    81.8
   1977   3   10.9     5.2       2    74.0   110.6
   1977   4   12.0     4.5       3    25.0   179.0
   1977   5   16.7     7.5       0    62.8   228.1
   1977   6   16.9     9.7       0    55.7   136.3
   1977   7   22.1    13.0       0    10.6   217.6
   1977   8   20.5    12.7       0   102.5   165.9
   1977   9   17.7    10.8       0    19.6   126.0
   1977  10   16.1    10.2       0    50.6   118.6
   1977  11   10.7     5.0       6    85.7   101.1
   1977  12   10.0     5.0       0   113.1    49.8
   1978   1    7.6     1.6       9    90.3    76.7
   1978   2    6.5     1.2      11    75.7    63.1
   1978   3   10.7     3.9       3    67.4   122.8
   1978   4   11.1     4.1       3    65.4   129.3
   1978   5   17.4     8.2       0    43.1   226.7
   1978   6   19.0    10.7       0    29.5   195.6
   1978   7   19.7    12.6       0    81.4   136.4
   1978   8   20.3    12.3       0    50.7   184.6
   1978   9   19.7    10.6       0    24.2   180.0
   1978  10   16.4     9.0       0     6.4   102.7
   1978  11   12.7     6.9       4    21.3    76.8
   1978  12    8.6     3.9       8   198.6    30.1
   1979   1    4.8    -1.9      21    90.6    81.2
   1979   2    5.5    -0.2      12    61.7    57.7
   1979   3    8.8     2.8       2    92.7   111.4
   1979   4   12.6     5.1       3    50.3   149.8
   1979   5   14.8     6.8       0   117.8   223.8
   1979   6   18.4    10.7       0    44.1   148.6
   1979   7   22.4    13.0       0    29.7   229.5
   1979   8   19.5    11.9       0    79.7   190.5
   1979   9   18.7    10.1       0    16.3   171.8
   1979  10   16.1     9.5       0    60.2   123.7
   1979  11   11.4     4.4       3    48.0    78.9
   1979  12    9.7     4.4       5   111.4    66.6
   1980   1    6.4     0.1      16    45.0    88.0
   1980   2   10.0     4.1       1    61.8    60.3
   1980   3    9.0     3.0       3    87.6    84.2
   1980   4   14.4     6.2       0    16.7   192.7
   1980   5   17.6     7.7       0    20.7   242.2
   1980   6   18.5    10.7       0   136.7   187.4
   1980   7   19.2    12.0       0    48.7   177.6
   1980   8   21.0    13.3       0    57.8   191.3
   1980   9   19.5    12.8       0    49.9   134.6
   1980  10   14.0     6.6       0    86.6   124.2
   1980  11    9.6     4.5       4    47.7    72.8
   1980  12    9.5     3.4       7    46.4    79.1
   1981   1    8.7     2.8       7    28.9    69.7
   1981   2    7.3     0.7      13    36.4    81.3
   1981   3   11.3     6.6       0   140.7    79.6
   1981   4   13.5     5.4      -     49.0   145.0
   1981   5   15.1     9.0       0    86.5   140.3
   1981   6   17.9    10.6       0    31.7   168.0
   1981   7   21.3    12.7       0    52.1   162.5
   1981   8   22.8    13.3       0    10.7   233.0
   1981   9   19.8    11.4       0   165.6   154.2
   1981  10   13.0     6.4       0    80.6    99.2
   1981  11   11.7     5.5       1    37.7    40.3
   1981  12    6.0     0.0      15    92.3    42.3
   1982   1    7.4     2.1      10    39.8    57.8
   1982   2    8.5     3.3       2    46.6    46.9
   1982   3   10.7     2.8       2    82.4   161.1
   1982   4   14.8     5.4       0    16.6   203.3
   1982   5   17.3     8.3       0    64.6   213.5
   1982   6   20.9    12.8       0    79.6   223.7
   1982   7   22.7    13.6       0    30.3   194.8
   1982   8   21.1    13.2       0    56.4   174.8
   1982   9   20.5    11.4       0    56.8   154.3
   1982  10   14.5     8.3       0   167.6    75.9
   1982  11   11.9     6.9       4   123.3    62.9
   1982  12    8.9     2.8       6    97.4    47.8
   1983   1   10.3     5.0       2    76.3    51.7
   1983   2    6.1     0.7      14    33.8    96.7
   1983   3   10.4     3.3       3    34.1    92.6
   1983   4   11.7     4.3      -     74.9   153.7
   1983   5   14.6     8.3       0    66.0   160.6
   1983   6   20.1    11.9       0    46.3   188.8
   1983   7   26.4    16.1       0     9.1   276.4
   1983   8   24.5    14.0       0    39.9   260.8
   1983   9   18.6    11.5       0    81.7   113.4
   1983  10   15.1     8.4       1    55.1   113.4
   1983  11   11.7     6.2       5    40.6    54.4
   1983  12    9.9     4.0       8    94.4    54.2
   1984   1    8.7     2.6       4   125.5    77.9
   1984   2    8.1     2.4       5    32.3    74.9
   1984   3    9.2     2.8       1    80.0    76.5
   1984   4   14.8     4.5       2     2.0   237.3
   1984   5   15.6     7.3       0    92.8   157.5
   1984   6   21.4    11.6       0    19.8   272.8
   1984   7   22.8    12.8       0    29.5   262.6
   1984   8   23.1    14.1       0    22.7   207.7
   1984   9   18.6    11.3       0    62.5   124.4
   1984  10   15.4     9.1       0    95.7    85.2
   1984  11   12.1     6.3       1   132.4    64.2
   1984  12    9.6     2.9       7   109.0    56.0
   1985   1    4.5    -1.4      22    70.7    66.6
   1985   2    6.4     0.3      13    35.8    89.3
   1985   3    9.3     1.5      10    56.6   120.6
   1985   4   13.8     5.0       2    41.7   179.7
   1985   5   17.0     7.7       0    35.3   201.2
   1985   6   18.4     9.7       0    59.0   179.4
   1985   7   21.7    13.0       0    57.0   238.0
   1985   8   18.7    12.5       0    91.9   198.2
   1985   9   19.7    11.5       0    23.3   150.0
   1985  10   15.8     9.3       0    18.3   123.1
   1985  11    8.8     2.2       8    51.6    78.0
   1985  12   10.0     5.6       5   108.4    37.9
   1986   1    7.9     1.9       7   116.3    67.4
   1986   2    2.8    -2.1      24     7.6    83.1
   1986   3    9.0     2.3       6    57.9   113.5
   1986   4   10.6     3.3       3    53.2   160.4
   1986   5   14.6     8.1       0    67.7   181.1
   1986   6   21.2    11.8       0    22.3   215.4
   1986   7   21.2    13.0       0    53.0   186.7
   1986   8   19.0    11.8       0   103.9   167.3
   1986   9   17.5     8.2       0    31.3   146.9
   1986  10   16.1     8.9       0    74.4   104.3
   1986  11   12.4     5.8       0   116.7    83.1
   1986  12   10.1     3.9       3   112.0    61.6
   1987   1    4.3    -0.5      17     9.7    61.8
   1987   2    7.9     1.9      10    55.4    78.5
   1987   3    8.7     2.1       9    96.8   112.0
   1987   4   14.5     6.6       0    73.5   187.5
   1987   5   16.5     7.7       0    29.9   218.3
   1987   6   18.1    10.7       0    65.9   156.8
   1987   7   21.8    13.4       0    47.2   202.4
   1987   8   21.8    12.7       0    16.7   191.7
   1987   9   19.7    12.0       0    38.4   144.5
   1987  10   15.0     8.2       0   192.8   112.1
   1987  11   10.8     4.9       3    79.4    69.2
   1987  12    8.8     4.8       4    43.5    43.5
   1988   1    9.1     4.0       3   148.8    61.6
   1988   2    9.0     2.5       4    49.5   129.0
   1988   3   10.6     4.3       3    69.7    98.4
   1988   4   13.3     5.1       1    43.0   181.8
   1988   5   17.8     9.4       0    24.4   234.1
   1988   6   20.0    11.6       0    25.6   172.2
   1988   7   18.7    12.3       0    60.3   180.5
   1988   8   20.3    11.5       0    60.9   186.2
   1988   9   18.7    10.9       0    30.4   141.3*
   1988  10   15.4     9.3       0    83.6   109.1*
   1988  11   10.9     2.8      10    18.1   106.5
   1988  12   10.6     5.6       0    18.9    41.6
   1989   1    9.8     4.1       5    25.3    66.2
   1989   2   10.3     3.7       2    80.3   101.0
   1989   3   11.9     5.2       1    80.0   102.7
   1989   4   11.6     4.2       1    73.7   160.1
   1989   5   20.3    10.1       0     4.1   315.9
   1989   6   21.1    11.6       0    36.5   267.6
   1989   7   25.2    15.0       0    16.3   289.0
   1989   8   23.3    13.2       0    27.5   271.6
   1989   9   20.7    12.3       0    26.9   125.1
   1989  10   16.6     9.9       0    93.6    93.5
   1989  11   11.8     4.6       5    52.1   105.3
   1989  12    9.6     4.0       3   159.0    35.9
   1990   1   10.4     5.0       1   120.5    44.1
   1990   2   11.2     6.1       0   168.4    88.3
   1990   3   12.7     5.4       1     4.3   153.1
   1990   4   14.1     4.8       2    36.1   238.1
   1990   5   19.8     9.2       0    19.0   290.9
   1990   6   18.0    11.0       0    53.6   134.3
   1990   7   22.8    13.3       0     8.9   289.4
   1990   8   24.5    14.3       0    19.5   257.8
   1990   9   20.3     9.9       0    38.5   168.6
   1990  10   16.3    10.2       0    91.9   113.9
   1990  11   11.3     5.5       0    42.6    87.4
   1990  12    8.1     2.8       6    57.9    60.3
   1991   1    7.5     2.6       2   104.2    66.5
   1991   2    5.6    -0.6      17    29.5    71.8
   1991   3   12.1     5.2       3    79.4    98.9
   1991   4   12.7     5.2       0    40.1   153.6
   1991   5   16.5     8.1       0    11.1   161.7
   1991   6   16.6    10.0       0   111.0   133.1
   1991   7   21.5    14.1       0    70.0   219.6
   1991   8   23.3    14.1       0    11.7   251.8
   1991   9   21.6    11.8       0    43.8   153.5
   1991  10   14.5     8.3       0    77.0    82.9
   1991  11   10.8     5.0       2    55.8    56.2
   1991  12    8.9     2.7       7    28.0    44.5
   1992   1    7.7     1.9      12    20.7    65.9
   1992   2    9.3     2.7       9    37.8    58.1
   1992   3   11.1     5.1      -     37.0    68.4
   1992   4   13.2     5.8       1    90.9   146.6
   1992   5   19.9    10.1       0    16.2   279.2
   1992   6   22.1    12.0       0    48.7   221.1
   1992   7   21.0    14.2       0    47.6   160.8
   1992   8   20.3    13.8       0    94.6   143.1
   1992   9   18.4    11.5       0    50.3   126.5
   1992  10   13.2     5.7       2    59.3     ---
   1992  11   12.2     5.8       0   135.1     ---
   1992  12    8.0     2.6       6    91.9     ---
   1993   1   10.0     4.4       5    99.9     ---
   1993   2    7.9     3.3       4     7.5     ---
   1993   3   11.1     3.9       1    47.9     ---
   1993   4   14.0     7.1       0    86.1     ---
   1993   5   17.8     9.2       0    57.0     ---
   1993   6   20.9    12.0       0    59.7     ---
   1993   7   20.6    12.5       0    54.7     ---
   1993   8   20.9    11.5       0    34.0     ---
   1993   9   17.8     9.9       0   124.9     ---
   1993  10   13.2     6.8       1   174.5     ---
   1993  11    9.6     2.8       5    76.7     ---
   1993  12    9.6     3.9       4   155.8     ---
   1994   1    9.3     3.4       5   127.8     ---
   1994   2    8.0     1.7       8    81.4     ---
   1994   3   11.9     5.3      -     63.7     ---
   1994   4   12.6     5.4       0    61.7     ---
   1994   5   15.7     8.8       0    95.4     ---
   1994   6   20.1    11.3       0    25.7     ---
   1994   7   24.3    14.5       0    16.1     ---
   1994   8   22.1    13.8       0    50.3     ---
   1994   9   18.0    10.7       0    93.1     ---
   1994  10   15.9     7.7       0   107.6     ---
   1994  11   13.5     9.4       0    71.3     ---
   1994  12   10.9     4.7       5   122.2     ---
   1995   1    9.0     3.1       4   146.0     ---
   1995   2   10.6     5.1       1   127.3     ---
   1995   3   10.7     2.6       5    45.0     ---
   1995   4   14.8     6.3       2    22.6     ---
   1995   5   17.9     8.4       0    21.1     ---
   1995   6   21.4    11.3       0    11.2     ---
   1995   7   25.1    14.9       0    19.7     ---
   1995   8   27.1    15.8       0     4.6     ---
   1995   9   19.3    11.2       0   151.4     ---
   1995  10   17.7    11.4       0    47.4     ---
   1995  11   12.5     5.9       4   126.7     ---
   1995  12    6.5     2.0      11    83.9     ---
   1996   1    7.7     4.4       3    64.7     ---
   1996   2    6.9     0.5      16    84.9     ---
   1996   3    9.0     2.6       5    38.1     ---
   1996   4   13.7     5.5       2    37.3     ---
   1996   5   14.7     6.4       0    44.0     ---
   1996   6   20.6    10.8       0    21.0     ---
   1996   7   22.3    13.0       0    43.8     ---
   1996   8   22.2    13.4       0    72.6     ---
   1996   9   19.0    10.6       0    36.7     ---
   1996  10   16.2     9.7       0    55.5     ---
   1996  11   10.9     3.3       6   140.7     ---
   1996  12    6.7     1.8      10    23.5     ---
   1997   1    5.5     0.3      16    16.4     ---
   1997   2   10.0     4.1       3   112.2     ---
   1997   3   12.8     5.1       0    23.4     ---
   1997   4   15.6     5.3       1    12.5     ---
   1997   5   17.6     8.4       0    40.7     ---
   1997   6   19.3    12.2       0   105.2     ---
   1997   7   22.7    13.4       0    10.6     ---
   1997   8   23.8    16.2       0    72.1     ---
   1997   9   20.7    11.3       0     7.5     ---
   1997  10   16.9     8.1       3    64.5     ---
   1997  11   13.0     6.2       3   151.4     ---
   1997  12    9.9     4.2       6   100.5     ---
   1998   1    9.3     3.9       4   118.5     ---
   1998   2   10.9     3.5       5     9.5     ---
   1998   3   12.2     6.0       0    78.5     ---
   1998   4   12.3     5.4       2    89.3     ---
   1998   5   20.8    10.5       0    18.9     ---
   1998   6   18.7    12.0       0   109.0     ---
   1998   7   20.3    13.1       0    37.4     ---
   1998   8   22.9    12.4       0    18.3     ---
   1998   9   19.9    12.7       0    99.6     ---
   1998  10   15.5     8.9       0   135.1     ---
   1998  11   11.0     4.6       1    59.0     ---
   1998  12   10.0     4.0       5    87.3     ---
   1999   1    9.9     4.1       5   129.4     ---
   1999   2    9.5     3.3       4    28.8     ---
   1999   3   12.0     4.2       1    32.2     ---
   1999   4   14.4     6.7       0    57.2     ---
   1999   5   18.6    10.4       0    17.2     ---
   1999   6   19.4    10.9       0    75.3     ---
   1999   7   24.2    14.0       0    11.8     ---
   1999   8   21.8    14.1       0   119.5     ---
   1999   9   21.2    13.3       0   111.9     ---
   1999  10   16.1     8.1       0    66.8     ---
   1999  11   11.8     6.0       0    49.6     ---
   1999  12    9.3     3.0       5   138.8     ---
   2000   1    9.1     2.1      10    26.3     ---
   2000   2   10.9     4.3       4    88.5     ---
   2000   3   12.5     4.7       1    14.7     ---
Site Closed
