Tiree
Location: 998E 7448N, 12 metres amsl
Estimated data is marked with a * after the value.
Missing data (more than 2 days missing in month) is marked by  ---.
Sunshine data taken from an automatic Kipp & Zonen sensor marked with a #, otherwise sunshine data taken from a Campbell Stokes recorder.
   yyyy  mm   tmax    tmin      af    rain     sun
              degC    degC    days      mm   hours
   1928   1    ---     ---     ---     ---    42.8
   1928   2    ---     ---     ---     ---    59.2
   1928   3    ---     ---     ---     ---    96.4
   1928   4    ---     ---     ---     ---   183.6
   1928   5    ---     ---     ---     ---   249.6
   1928   6    ---     ---     ---     ---   258.3
   1928   7    ---     ---     ---     ---   105.7
   1928   8    ---     ---     ---     ---   173.0
   1928   9    ---     ---     ---     ---   145.2
   1928  10    ---     ---     ---     ---    66.3
   1928  11    ---     ---     ---     ---    49.2
   1928  12    ---     ---     ---     ---    25.7
   1929   1    ---     ---     ---     ---    46.2
   1929   2    ---     ---     ---     ---    25.6
   1929   3    ---     ---     ---     ---   144.8
   1929   4    ---     ---     ---     ---   241.6
   1929   5    ---     ---     ---     ---   243.0
   1929   6    ---     ---     ---     ---   241.6
   1929   7    ---     ---     ---     ---   175.5
   1929   8    ---     ---     ---     ---   121.3
   1929   9    ---     ---     ---     ---    87.9
   1929  10    ---     ---     ---     ---    90.3
   1929  11    ---     ---     ---     ---    50.8
   1929  12    ---     ---     ---     ---    27.9
   1930   1    ---     ---     ---     ---    30.1
   1930   2    ---     ---     ---     ---    84.5
   1930   3    ---     ---     ---     ---   114.4
   1930   4    ---     ---     ---     ---   214.0
   1930   5    ---     ---     ---     ---   215.7
   1930   6    ---     ---     ---     ---   219.6
   1930   7    ---     ---     ---     ---   132.9
   1930   8    ---     ---     ---     ---   125.2
   1930   9    ---     ---     ---     ---   122.7
   1930  10    ---     ---     ---     ---    66.9
   1930  11    ---     ---     ---     ---    66.9
   1930  12    8.2     3.9       3   161.0    33.9
   1931   1    7.5     3.4       1   140.4    38.1
   1931   2    7.0     2.4       3   117.3    86.2
   1931   3    6.9     2.7       4    36.9   121.7
   1931   4    9.3     4.7       1    58.0   168.4
   1931   5   12.5     7.6       0    87.5   208.3
   1931   6   13.3     9.2       0    99.0   137.7
   1931   7   15.0    10.8       0    91.1   122.6
   1931   8   15.6    10.6       0    26.3   213.7
   1931   9   13.6     9.6       0    58.3   114.9
   1931  10   11.7     7.1       0    99.7    86.4
   1931  11   10.4     6.1       0   167.2    37.4
   1931  12    9.6     5.9       1    87.7    13.4
   1932   1    9.4     5.3       0   143.4    25.3
   1932   2    8.3     3.1       4     6.5   113.2
   1932   3    8.4     2.5       7    67.2   133.5
   1932   4    9.0     3.8       0    86.7   187.8
   1932   5   12.3     7.1       0    30.4   261.9
   1932   6   15.8    10.3       0    48.2   251.8
   1932   7   15.7    11.6       0   110.3   149.1
   1932   8   16.3    11.4       0    88.5   164.1
   1932   9   13.7     9.9       0    92.5   114.2
   1932  10   11.3     6.3       0   130.3    90.7
   1932  11    9.6     5.2       0   127.2    55.2
   1932  12    8.3     4.1       3   111.6    55.3
   1933   1    6.6     2.5       5   107.6    42.2
   1933   2    7.1     3.1       2    90.4    72.3
   1933   3    9.2     4.4       0    66.6   110.1
   1933   4   10.7     5.9       0    80.7   130.8
   1933   5   12.8     7.8       0    60.6   213.6
   1933   6   15.6    10.8       0    53.6   225.8
   1933   7   17.2    12.4       0   113.4   119.5
   1933   8   16.6    11.7       0   154.1   156.9
   1933   9   16.4    10.5       0    34.7   176.0
   1933  10   12.7     8.7       0   150.5    69.4
   1933  11    9.1     4.7       0    91.8    49.3
   1933  12    7.3     3.1       4    64.5    23.7
   1934   1    8.5     4.0       0   117.4    22.5
   1934   2    8.7     5.3       2    17.5    56.1
   1934   3    7.7     2.5       2    64.9   122.5
   1934   4    9.0     4.7       0    85.0   180.7
   1934   5   11.6     6.6       0    72.4   192.3
   1934   6   15.1     9.7       0    88.6   229.2
   1934   7   17.5    12.4       0    84.3   183.7
   1934   8   15.7    11.9       0   112.5   130.5
   1934   9   14.8    10.3       0   203.4   119.0
   1934  10   11.5     7.5       0   142.7    63.5
   1934  11    9.2     4.7       1    42.3    53.8
   1934  12    9.1     6.5       0   129.7    17.6
   1935   1    8.3     3.9       0    73.2    36.4
   1935   2    7.9     3.7       3   103.3    74.9
   1935   3    9.4     4.6       0    56.4   123.3
   1935   4   10.0     4.7       0    79.7   190.4
   1935   5   13.2     6.9       0    25.0   304.5
   1935   6   15.0     9.5       0    53.8   228.1
   1935   7   16.4    11.3       0    55.2   213.7
   1935   8   16.5    12.1       0   128.1   124.5
   1935   9   15.1    10.5       0   129.2   160.2
   1935  10   11.7     7.6       0   184.2    72.6
   1935  11    9.2     5.0       0   179.5    31.3
   1935  12    6.7     2.3       3    95.0    54.2
   1936   1    6.6     2.6       0    78.2    49.2
   1936   2    6.7     1.9       6    62.3    73.4
   1936   3    8.8     4.2       3    64.6    94.1
   1936   4    9.4     4.3       2    37.2   237.8
   1936   5   13.3     7.2       0    58.3   262.0
   1936   6   15.5     9.4       0    55.6   224.2
   1936   7   16.7    11.2       0    56.8   184.3
   1936   8   16.4    11.8       0    69.6   146.7
   1936   9   15.8    10.3       0   103.6   135.3
   1936  10   12.7     7.7       0    95.9   109.9
   1936  11    9.7     5.0       0   111.4    60.2
   1936  12    8.7     4.6       0   116.5    19.3
   1937   1    7.9     3.9       1   122.4    37.6
   1937   2    7.1     2.6       3    74.6    72.7
   1937   3    6.4     1.1       6    30.0   180.1
   1937   4   10.5     5.7       0    62.4    98.0
   1937   5   13.2     7.1       0    64.3   266.5
   1937   6   14.5     9.8       0    63.2   162.7
   1937   7   15.7    10.9       0    85.9   151.6
   1937   8   16.5    11.3       0    89.9   161.1
   1937   9   14.4    10.6       0   115.1   125.7
   1937  10   12.2     8.0       0    56.7    73.6
   1937  11    9.4     5.4       0    46.1    41.4
   1937  12    7.0     3.0       5    66.3    48.4
   1938   1    8.3     4.0       0   165.3    30.8
   1938   2    7.9     3.5       2    82.9    82.9
   1938   3   10.1     6.6       0   109.1    62.8
   1938   4   10.3     5.8       0     9.0   160.8
   1938   5   12.4     7.0       0    67.2   205.1
   1938   6   13.3     9.4       0    89.5   149.0
   1938   7   15.2    10.4       0    96.8   158.8
   1938   8   16.9    10.9       0   107.9   221.5
   1938   9   15.0    10.5       0   123.5   120.9
   1938  10   12.0     8.3       0   168.6    77.9
   1938  11   10.3     6.6       0   189.3    23.5
   1938  12    7.6     3.6       5    96.7    40.6
   1939   1    6.6     2.6       5    70.1    67.9
   1939   2    8.3     4.5       0   113.1    49.0
   1939   3    8.8     4.1       0    69.6   117.1
   1939   4   10.5     5.3       1    40.2   186.4
   1939   5   12.5     7.4       0    30.3   212.8
   1939   6   15.6     9.1       0    51.1   248.1
   1939   7   15.5    10.7       0   138.8   126.5
   1939   8   17.4    11.1       0    45.7   213.4
   1939   9   15.7    10.5       0    89.4   149.7
   1939  10   11.9     6.6       0    49.9   137.7
   1939  11   10.4     6.3       0   178.8    31.7
   1939  12    8.1     4.3       1    99.8    11.8
   1940   1    5.3     1.4       8    52.2    29.4
   1940   2    6.3     2.1       3    75.7    36.5
   1940   3    8.5     2.8       4    98.9   105.8
   1940   4   11.0     5.4       0    49.4   143.2
   1940   5   14.0     7.9       0    41.5   194.1
   1940   6   17.6    10.4       0    46.9   261.9
   1940   7   15.8    10.8       0   111.4   171.1
   1940   8   15.9    11.5       0    57.0   107.8
   1940   9   13.9     9.2       0    84.0   119.7
   1940  10   11.9     7.8       0   186.8    63.7
   1940  11    9.5     5.3       0   137.3    44.6
   1940  12    8.0     3.8       2   151.9    40.9
   1941   1    4.8     0.6      11    14.9    67.0
   1941   2    6.5     1.1       8    82.2    86.5
   1941   3    8.0     2.5       2    48.9   158.9
   1941   4    9.1     3.9       0    17.2   156.0
   1941   5   12.1     5.9       0    21.6   243.6
   1941   6   15.5    10.1       0    20.8   209.7
   1941   7   16.2    11.4       0    84.8   160.3
   1941   8   15.5    11.0       0    87.6   155.5
   1941   9   16.2    11.6       0    41.9   101.4
   1941  10   13.3     9.1       0   101.8    81.9
   1941  11   10.0     5.3       0   115.3    65.8
   1941  12    9.3     5.8       0    68.0    21.4
   1942   1    7.2     3.2       0   136.9    29.7
   1942   2    6.9     2.5       2    62.9    76.2
   1942   3    7.5     2.8       5    59.0   111.3
   1942   4   11.8     5.2       0    55.5   225.8
   1942   5   12.9     6.7       0    61.7   282.0
   1942   6   13.6     9.2       0    61.1   132.0
   1942   7   15.3    10.8       0    93.5   190.5
   1942   8   15.9    12.3       0   125.6    76.3
   1942   9   13.9     9.9       0   157.9   130.4
   1942  10   11.9     7.4       0   134.4    80.5
   1942  11    9.7     5.1       0    60.7    48.0
   1942  12    9.7     5.5       0   187.4    20.2
   1943   1    7.8     4.3       1   126.8    36.3
   1943   2    9.1     4.5       0    86.6    46.7
   1943   3    9.8     4.3       2    53.9   100.4
   1943   4   11.0     6.2       0    82.5   121.4
   1943   5   12.6     6.9       1    85.1   207.2
   1943   6   14.7     9.5       0    96.0   182.1
   1943   7   16.7    10.7       0    75.8   213.9
   1943   8   15.9    10.8       0   115.7   126.3
   1943   9   14.6     9.4       0   111.8    99.9
   1943  10   13.2     8.5       0   242.6    57.2
   1943  11    9.8     5.2       2   132.4    33.1
   1943  12    8.7     4.6       0    98.3    30.2
   1944   1    9.0     5.0       0   158.0    18.0
   1944   2    7.7     2.6       4    37.8    96.0
   1944   3    8.6     3.3       2    38.3   120.6
   1944   4   11.3     6.4       1    58.8   113.0
   1944   5   12.2     7.2       0    83.7   193.2
   1944   6   13.9     9.1       0    74.3   148.3
   1944   7   17.0    11.7       0    75.8   135.9
   1944   8   17.4    11.1       0    79.8   181.6
   1944   9   14.2     9.0       0   164.9   155.2
   1944  10   11.6     6.7       0   196.7    78.6
   1944  11    9.1     3.7       2   167.1    63.3
   1944  12    8.2     3.6       0   148.3    40.1
   1945   1    5.5    -0.2      14   114.1    58.3
   1945   2    9.0     4.7       1   135.2    57.8
   1945   3   10.6     6.4       0    70.1    77.4
   1945   4   11.0     5.8       2    45.1   172.9
   1945   5   12.9     7.2       0    66.6   226.4
   1945   6   14.7     9.1       0    99.9   199.1
   1945   7   16.4    11.6       0   109.8   131.1
   1945   8   17.1    11.6       0    59.3   175.7
   1945   9   15.8    10.8       0   157.5    96.2
   1945  10   13.7     9.5       0   169.5    81.5
   1945  11   11.5     7.3       0    27.7    64.2
   1945  12    9.4     5.2       0   150.9    27.0
   1946   1    8.0     4.1       0   219.2    41.6
   1946   2    8.4     3.8       4    88.8    88.6
   1946   3    8.8     3.7       5    86.1   114.7
   1946   4   11.0     5.2       1    39.9   171.4
   1946   5   14.4     6.6       0    14.0   328.7
   1946   6   14.1     8.6       0   103.9   188.7
   1946   7   15.3    10.8       0    96.7   148.7
   1946   8   15.5    10.0       0   117.0   197.4
   1946   9   15.2    10.3       0   110.4   120.3
   1946  10   12.5     7.7       0    14.4    95.3
   1946  11   10.4     5.4       2    98.6    61.2
   1946  12    8.1     3.0       3   131.5    45.8
   1947   1    6.8     2.2       8    96.6    39.6
   1947   2    3.4    -2.1      22     4.5    89.0
   1947   3    6.4    -0.2      15    50.2   106.6
   1947   4    9.8     4.1       1   148.1   156.1
   1947   5   13.4     7.1       0    91.6   185.7
   1947   6   14.2     9.2       0    93.6   160.8
   1947   7   16.3    10.5       0    88.9   156.6
   1947   8   19.5    12.3       0     4.1   252.1
   1947   9   15.4    10.0       0   130.0   109.9
   1947  10   13.6     9.1       0    47.6    82.1
   1947  11    9.7     5.0       5   148.6    67.5
   1947  12    8.8     4.5       4    87.9    16.8
   1948   1    7.2     2.3       3   167.0    25.3
   1948   2    8.3     2.8       3   111.8    65.7
   1948   3   10.4     5.7       0    86.1   113.9
   1948   4   11.4     5.3       1    53.4   180.9
   1948   5   13.4     6.4       0    44.0   275.3
   1948   6   14.6     9.1       0    96.1   163.9
   1948   7   16.1    10.5       0    96.5   164.0
   1948   8   15.7    10.9       0   100.5   117.3
   1948   9   14.7     9.9       0   169.0   100.7
   1948  10   12.1     7.7       0   171.0    98.0
   1948  11   11.0     7.1       0   120.1    46.9
   1948  12    9.3     5.3       0   189.1    25.6
   1949   1    8.6     3.6       5   126.7    27.8
   1949   2    9.0     4.2       0    87.4    72.6
   1949   3    9.1     3.5       3    80.0   122.8
   1949   4   11.1     5.8       0   138.7   144.5
   1949   5   12.7     6.8       0    52.3   189.6
   1949   6   16.1     9.1       0    33.8   297.6
   1949   7   17.0    11.5       0    36.6   138.0
   1949   8   16.3    11.5       0    88.0   151.7
   1949   9   16.7    11.0       0    87.4   151.2
   1949  10   13.5     9.4       0   189.7    59.7
   1949  11   10.3     6.0       0   187.0    55.9
   1949  12    8.3     3.2       1   175.2    12.1
   1950   1    8.4     5.3       0    97.4    18.8
   1950   2    7.4     2.0       5   131.0    67.0
   1950   3    9.7     5.0       0    85.0    99.8
   1950   4    9.5     3.7       1    86.8   171.1
   1950   5   14.1     7.0       0    32.0   225.1
   1950   6   15.4     9.6       0    73.8   176.5
   1950   7   16.7    11.4       0   175.5   225.4
   1950   8   16.7    11.4       0   124.0   202.8
   1950   9   14.1     9.7       0   232.5   106.5
   1950  10   11.7     7.5       0   175.2    84.2
   1950  11    8.8     3.5       0   118.9    82.7
   1950  12    5.5     1.2       9   104.3    36.4
   1951   1    6.9     2.5       1   219.7    37.2
   1951   2    6.2     1.4       0   102.0    73.3
   1951   3    6.9     2.1       5    76.3   129.1
   1951   4    8.7     3.0       3    70.5   212.1
   1951   5   12.9     5.8       0    17.9   287.4
   1951   6   15.1     8.7       0    43.4   255.7
   1951   7   15.7    11.1       0    83.4   119.9
   1951   8   15.8    10.7       0   104.4   168.2
   1951   9   15.2    10.3       0    96.0   132.7
   1951  10   13.1     8.8       0    98.3    70.1
   1951  11   11.0     6.1       0   176.7    35.9
   1951  12    8.7     4.2       0   184.7    33.5
   1952   1    6.2     1.6       4   133.8    49.4
   1952   2    7.5     3.1       3    49.6    58.5
   1952   3    9.2     4.1       2   119.6   140.5
   1952   4   11.3     5.8       0    51.7   158.6
   1952   5   13.8     7.7       0    35.4   216.3
   1952   6   13.7     8.5       0    88.3   150.6
   1952   7   16.1    11.0       0    71.3   154.0
   1952   8   16.4    10.9       0    89.7   145.8
   1952   9   13.4     7.5       0    87.7   170.7
   1952  10   11.5     7.0       0   115.9   111.9
   1952  11    8.3     3.2       5    52.3    68.5
   1952  12    7.9     2.9       3   131.6    28.3
   1953   1    8.2     4.4       1    77.0    42.8
   1953   2    8.3     3.7       4    82.8    47.0
   1953   3    9.6     4.5       0    33.7   116.9
   1953   4    9.8     3.4       2    72.1   201.0
   1953   5   13.7     7.9       0    58.4   207.5
   1953   6   15.5     9.9       0    37.0   218.5
   1953   7   15.7    11.0       0   114.8   149.2
   1953   8   16.4    11.3       0   117.5   157.4
   1953   9   15.3    10.6       0   143.1    90.9
   1953  10   13.1     9.1       0   113.0    72.5
   1953  11   10.9     6.7       0   202.5    34.6
   1953  12   10.0     6.1       0   117.9    33.5
   1954   1    7.5     3.4       2   158.5    36.9
   1954   2    6.5     2.2       2    94.7    44.0
   1954   3    8.5     3.4       1   118.2   132.1
   1954   4   11.0     4.9       0    35.8   206.5
   1954   5   13.0     7.6       0   103.9   199.5
   1954   6   14.8     9.6       0    88.4   178.6
   1954   7   14.7    10.0       0    76.7   138.4
   1954   8   15.4    10.6       0    81.2   149.8
   1954   9   14.1     8.7       0   216.4   134.8
   1954  10   12.4     8.0       0   139.6    68.0
   1954  11    9.8     4.7       0   225.0    51.8
   1954  12    9.2     5.1       0   141.1    13.1
   1955   1    5.6     1.4      13    85.6    48.0
   1955   2    5.1     0.2      11    76.7   100.7
   1955   3    7.9     1.9       4    22.3   169.5
   1955   4   11.6     5.9       0    73.0   186.9
   1955   5   12.1     5.8       0    49.9   259.1
   1955   6   15.2     9.3       0    86.2   196.9
   1955   7   17.9    11.5       0     9.9   217.4
   1955   8   18.0    12.3       0    33.3   171.4
   1955   9   15.6    11.0       0   163.4   127.3
   1955  10   11.9     7.2       0   165.5    78.3
   1955  11   11.0     8.0       0    45.3    34.1
   1955  12    8.3     3.5       6   159.8    40.8
   1956   1    6.9     2.6       5    96.3    49.9
   1956   2    6.6     1.2      12    54.9    56.3
   1956   3    9.3     4.5       0    36.1   116.4
   1956   4   10.0     4.0       0    60.0   213.1
   1956   5   12.5     7.7       0    76.0   177.5
   1956   6   14.1     8.4       0    62.8   224.3
   1956   7   16.3    11.1       0   104.7   163.4
   1956   8   14.6     9.7       0   192.7   193.7
   1956   9   15.0    10.1       0   107.1    89.4
   1956  10   11.9     7.8       0   102.5    91.0
   1956  11   10.2     6.6       0    92.5    24.8
   1956  12    9.0     5.1       0   162.2     8.7
   1957   1    8.6     3.6       0   148.0    49.7
   1957   2    7.4     2.3       5    81.5    87.2
   1957   3    9.7     6.3       0   119.2    59.5
   1957   4   11.4     5.6       0    45.2   191.9
   1957   5   12.7     7.1       0    70.1   218.4
   1957   6   15.8     9.6       0    60.2   285.2
   1957   7   15.9    11.2       0   128.6   147.3
   1957   8   16.5    11.4       0    93.8   139.6
   1957   9   13.7     9.1       0    74.7   142.7
   1957  10   12.5     8.1       0   125.1    50.1
   1957  11    9.8     5.9       0    59.9    45.8
   1957  12    8.7     4.6       1   140.2    25.0
   1958   1    7.0     2.7       9   145.6    37.1
   1958   2    6.9     2.0       4    88.3    54.5
   1958   3    6.9     2.2       7    19.1   120.6
   1958   4   10.1     4.7       0    53.3   134.0
   1958   5   12.1     5.7       0    68.6   253.4
   1958   6   15.0     9.7       0    83.7   173.2
   1958   7   16.4    10.8       0    46.3   200.9
   1958   8   16.0    11.4       0    79.3   173.7
   1958   9   16.7    11.4       0   106.3   124.5
   1958  10   13.0     9.0       0   102.8    77.3
   1958  11   11.0     7.1       0    67.7    32.9
   1958  12    8.3     3.8       0   116.9    40.6
   1959   1    6.2     1.5       7    52.8    61.7
   1959   2    8.8     4.8       2    30.1    64.1
   1959   3    9.2     5.3       0    87.4   107.8
   1959   4   10.9     5.6       0    78.3   159.3
   1959   5   15.3     8.0       0    17.2   288.1
   1959   6   15.1    10.1       0    68.4   195.9
   1959   7   16.2    11.3       0   134.1   116.4
   1959   8   16.7    11.9       0    35.5   121.0
   1959   9   16.3    11.0       0    53.8   136.9
   1959  10   14.5    10.0       0   148.6   104.1
   1959  11   10.3     6.3       0   134.6    47.0
   1959  12    8.7     3.9       1   175.1    21.0
   1960   1    7.6     2.8       3    70.2    47.0
   1960   2    6.8     2.3       7    84.5   110.0
   1960   3    8.6     4.1       3    57.9    94.0
   1960   4   11.3     6.0       0    72.7   171.8
   1960   5   14.4     8.4       0    50.7   227.4
   1960   6   16.2    10.9       0    74.5   218.8
   1960   7   16.5    11.2       0    86.9   183.7
   1960   8   16.4    11.0       0    70.0   214.0
   1960   9   15.3     9.8       0    93.9   148.0
   1960  10   12.7     8.0       0    52.1    93.8
   1960  11   10.1     5.7       1   158.0    51.5
   1960  12    7.9     3.5       0   150.9    28.0
   1961   1    7.4     2.5       0   129.6    68.3
   1961   2    8.8     4.6       1   138.8    49.5
   1961   3   10.2     6.1       0    64.5    79.0
   1961   4   10.9     5.9       2    84.9   131.2
   1961   5   12.8     7.3       0    46.7   235.4
   1961   6   14.5     9.5       0    51.2   158.2
   1961   7   14.9    10.5       0    88.4   105.8
   1961   8   15.3    10.8       0   138.4   140.0
   1961   9   15.0    10.5       0   155.4   113.7
   1961  10   12.4     8.0       0   164.7    86.2
   1961  11    9.3     3.8       1    85.3    66.9
   1961  12    6.3     1.6      11    82.9    45.1
   1962   1    7.9     3.1       1   210.0    31.7
   1962   2    7.9     2.6       3    66.8    83.6
   1962   3    6.3     0.9      10    53.1   129.3
   1962   4   10.5     3.5       2    52.8   253.6
   1962   5   12.3     5.9       0    46.7   267.7
   1962   6   14.2     9.2       0    77.6   175.1
   1962   7   16.1    10.2       0    40.8   181.9
   1962   8   15.3    10.3       0   123.5   183.7
   1962   9   14.1     9.2       0   148.5    97.5
   1962  10   13.0     8.9       0    76.1    65.3
   1962  11    9.6     5.0       1    88.2    44.7
   1962  12    7.8     3.6       4   116.2    38.9
   1963   1    4.5    -0.2      11    16.9    67.0
   1963   2    4.7     0.2      11    20.4    82.1
   1963   3    8.7     3.6       0   133.3   127.6
   1963   4   10.3     4.2       6    43.5   163.2
   1963   5   11.8     6.1       0    94.0   227.3
   1963   6   16.1     9.9       0    47.1   230.2
   1963   7   15.7    10.3       0    61.4   221.9
   1963   8   14.9     9.8       0    92.9   115.8
   1963   9   13.9     9.7       0    90.2   117.7
   1963  10   12.5     8.8       0   106.2    51.8
   1963  11    9.9     4.9       0   108.6    43.0
   1963  12    7.5     3.3       4    40.9    34.2
   1964   1    8.5     4.9       1    50.0    32.9
   1964   2    7.5     3.7       3    23.8    53.8
   1964   3    7.7     3.7       0    23.9    70.9
   1964   4   10.9     4.9       1    96.9   168.1
   1964   5   13.8     8.2       0    87.1   172.4
   1964   6   14.1     8.8       0    80.7   186.4
   1964   7   15.2    10.7       0    73.9   125.2
   1964   8   15.1    10.3       0   114.8   168.3
   1964   9   14.8    10.3       0   156.9   107.8
   1964  10   12.1     7.4       0   136.5    81.0
   1964  11   10.3     6.2       0   122.3    42.4
   1964  12    7.9     3.0       5   142.2    34.4
   1965   1    6.8     1.8       7   136.2    69.1
   1965   2    7.4     2.6       2    20.3    65.1
   1965   3    7.9     2.9       6    89.7   106.3
   1965   4   10.2     4.3       0    92.3   158.2
   1965   5   12.1     7.5       0    45.3   141.5
   1965   6   14.5    10.0       0   111.3   148.6
   1965   7   14.9    10.0       0   107.8   181.8
   1965   8   15.1    10.5       0   107.0   153.5
   1965   9   13.5     9.4       0    71.6    82.7
   1965  10   13.0     8.8       0   164.2    88.9
   1965  11    7.8     3.5       4    44.4    62.8
   1965  12    7.5     2.8       3   136.5    52.7
   1966   1    6.2     2.3       7    59.4    31.7
   1966   2    6.6     3.0       4    91.5    43.2
   1966   3    9.2     4.2       3    93.1   109.3
   1966   4    8.7     3.2       5    48.5   141.0
   1966   5   12.2     6.2       0    84.8   237.8
   1966   6   15.3    10.1       0    62.1   140.0
   1966   7   15.5    10.6       0    65.8   181.3
   1966   8   16.0    10.0       0    32.8   251.4
   1966   9   14.9    11.0       0   112.6    80.3
   1966  10   12.0     7.0       0    71.9    96.4
   1966  11    8.5     3.5       1   106.7    73.8
   1966  12    8.0     3.4       2   166.2    21.8
   1967   1    7.5     3.5       3   103.9    37.7
   1967   2    8.0     4.1       0    87.8    56.7
   1967   3    8.8     3.8       1   145.3    97.8
   1967   4   10.1     4.6       1    65.6   170.1
   1967   5   12.0     5.8       0    71.2   246.9
   1967   6   14.6     8.8       0    68.3   224.1
   1967   7   15.3    10.9       0    96.2    99.9
   1967   8   16.0    10.9       0    52.9   141.5
   1967   9   14.9    10.3       0   154.4   110.3
   1967  10   11.8     6.9       0   198.9    78.4
   1967  11    9.6     5.2       0   120.2    35.0
   1967  12    7.8     4.0       6   103.5    19.4
   1968   1    7.6     3.5       3   115.1    32.2
   1968   2    5.9     0.5      10    47.3    95.1
   1968   3    8.5     3.5       1   101.2    78.8
   1968   4   10.5     4.6       3    33.1   181.7
   1968   5   11.1     5.9       0    56.8   200.2
   1968   6   15.3     8.9       0    44.7   221.7
   1968   7   16.0    10.3       0    28.3   211.7
   1968   8   17.2    10.1       0    54.2   267.6
   1968   9   15.1    10.1       0   128.1   137.5
   1968  10   13.5     9.4       0   151.4    67.2
   1968  11    9.4     5.5       0    60.5    41.3
   1968  12    7.7     3.7       1    80.6    22.8
   1969   1    7.5     3.2       3   114.1    26.2
   1969   2    5.1    -0.1      14    44.8    71.8
   1969   3    7.5     1.8       3     5.4   138.1
   1969   4   10.2     4.1       0    37.4   190.8
   1969   5   12.2     6.3       0    48.7   179.3
   1969   6   15.6     8.9       0    63.7   240.9
   1969   7   15.6    10.8       0    71.7   135.2
   1969   8   16.5    11.7       0    53.8   114.4
   1969   9   14.8    10.3       0   110.6   109.4
   1969  10   14.3    10.2       0   179.7    52.8
   1969  11    7.8     2.7       6   142.7    43.1
   1969  12    7.8     3.6       1   121.4    20.1
   1970   1    7.2     3.2       4    67.9    33.7
   1970   2    6.3     0.4      12    98.8   100.9
   1970   3    7.3     1.7      11    52.4   138.0
   1970   4    9.0     3.4       2    61.4   170.2
   1970   5   13.0     7.8       0    68.6   102.0
   1970   6   17.2    10.8       0    36.4   234.9
   1970   7   14.2     9.6       0   136.1   130.4
   1970   8   16.1    11.3       0    67.8   130.8
   1970   9   14.3    10.2       0   174.4    87.5
   1970  10   12.2     8.1       0   126.1    56.7
   1970  11    9.5     4.8       1   164.4    52.2
   1970  12    8.2     4.0       2    73.1    33.7
   1971   1    8.2     4.4       0    87.0    37.0
   1971   2    8.3     4.4       1    83.1    36.5
   1971   3    9.0     4.0       1    61.6   110.8
   1971   4   10.6     5.0       0    90.6   174.7
   1971   5   13.0     7.5       0    48.0   194.2
   1971   6   14.2     8.2       0    49.4   256.2
   1971   7   16.1    11.0       0    56.8   146.8
   1971   8   16.3    10.9       0    93.8   157.1
   1971   9   15.7    10.5       0    92.9   136.8
   1971  10   13.5     9.0       1   150.4    88.1
   1971  11    9.7     5.3       0   105.7    34.3
   1971  12    9.7     6.1       4    75.3    39.6
   1972   1    7.0     3.0       5   100.4    35.9
   1972   2    7.5     3.5       2    83.3    59.0
   1972   3    8.9     3.6       1    75.5   133.3
   1972   4   10.3     4.9       0   132.9   146.6
   1972   5   12.6     7.2       0    94.6   168.8
   1972   6   12.9     7.9       0    89.9   207.8
   1972   7   15.4    10.1       0    78.2   172.8
   1972   8   14.7    10.2       0    65.9    83.9
   1972   9   14.1     8.3       0    43.2   134.1
   1972  10   13.2     8.8       0    86.0    84.3
   1972  11    9.3     4.1       1   110.4    45.6
   1972  12    9.1     4.8       0   109.6    23.8
   1973   1    8.2     4.7       0   130.8    15.3
   1973   2    7.3     2.9       4    83.0    50.8
   1973   3    9.0     4.6       0    58.5   111.6
   1973   4    9.4     3.7       2    33.6   163.1
   1973   5   12.2     6.4       0    68.4   145.5
   1973   6   14.1     8.8       0    79.3   145.4
   1973   7   15.8    11.1       0    65.6   169.9
   1973   8   16.2    11.6       0    94.2   153.5
   1973   9   14.8     9.5       0   111.1   138.1
   1973  10   11.7     7.0       0    65.9   103.8
   1973  11    8.9     4.6       2    99.4    33.5
   1973  12    8.0     3.4       2   159.2    29.8
   1974   1    8.7     4.1       0   229.8    20.4
   1974   2    7.9     3.9       0   115.5    46.7
   1974   3    8.3     3.2       2    60.8   113.4
   1974   4   11.7     4.7       0     7.6   226.7
   1974   5   12.6     7.5       0    44.5   183.4
   1974   6   14.7     8.8       0    73.3   214.3
   1974   7   15.1    10.2       0    71.9   150.4
   1974   8   16.0    10.9       0   103.1   156.1
   1974   9   13.7     8.8       0   137.4   124.2
   1974  10   10.9     6.8       0    62.7    92.2
   1974  11    8.9     4.4       1   137.3    54.3
   1974  12    9.2     5.0       0   179.3    16.3
   1975   1    8.2     3.5       2   229.5    24.7
   1975   2    8.0     4.4       1    37.6    91.5
   1975   3    7.7     2.5       6    54.4   158.2
   1975   4    9.6     5.1       3    90.2   136.1
   1975   5   12.1     5.8       0    15.2   329.1
   1975   6   15.0     8.9       0    43.5   200.4
   1975   7   16.5    11.5       0    99.6   176.1
   1975   8   17.3    12.2       0    56.3   143.8
   1975   9   14.2     9.4       0   164.1   111.4
   1975  10   12.8     9.1       0    99.6    50.9
   1975  11    9.7     5.6       0   152.0    44.8
   1975  12    9.2     5.1       0    65.9    24.5
   1976   1    8.4     4.1       0   136.3    22.8
   1976   2    7.6     3.5       3    72.4    41.8
   1976   3    7.9     3.8       0    98.3    80.6
   1976   4   10.7     5.6       1    51.2   175.2
   1976   5   12.4     7.2       0    84.3   164.8
   1976   6   15.0    10.3       0   102.9   132.7
   1976   7   17.3    12.5       0    50.5   143.8
   1976   8   18.5    11.2       0    11.3   269.8
   1976   9   14.9    10.3       0    48.7   121.0
   1976  10   12.3     7.9       0   217.6    70.0
   1976  11    9.6     5.0       0   159.6    61.2
   1976  12    6.1     2.2       3    85.4    28.0
   1977   1    6.5     2.5       9    89.4    60.3
   1977   2    6.3     2.1       2    79.6    65.7
   1977   3    8.7     4.4       1   113.4    85.0
   1977   4    9.2     4.0       1    60.8   165.3
   1977   5   12.9     6.5       0    27.9   238.9
   1977   6   14.2     7.6       0    27.2   257.5
   1977   7   16.7    11.1       0    52.5   174.6
   1977   8   16.5    10.8       0    71.3   209.5
   1977   9   14.1     9.1       0   120.0   111.9
   1977  10   13.2     9.6       0   152.3    66.2
   1977  11    9.1     3.9       2   123.5    51.0
   1977  12    8.6     4.9       1    72.9    28.3
   1978   1    6.5     2.1       6   168.8    42.7
   1978   2    6.1     1.2       9    44.3    96.3
   1978   3    8.3     3.9       0   162.6    86.8
   1978   4    9.6     3.9       2    14.8   141.4
   1978   5   13.8     7.1       0    24.2   213.9
   1978   6   14.4     9.3       0    38.5   145.1
   1978   7   15.1    10.3       0    53.0   158.7
   1978   8   15.4    11.2       0    61.0   106.2
   1978   9   14.6    10.6       0   158.0    87.6
   1978  10   13.1     9.4       0    83.4    63.8
   1978  11   10.6     5.9       2   182.8    31.2
   1978  12    7.4     4.0       3   112.6    33.1
   1979   1    5.3     0.1      15   135.4    36.5
   1979   2    5.4     0.8      10    40.0    90.8
   1979   3    6.8     1.5       8   109.2   171.3
   1979   4    9.1     4.1       1    61.3   145.6
   1979   5   10.1     5.0       1    71.1   205.6
   1979   6   14.7     9.2       0    41.9   176.9
   1979   7   14.6    10.6       0   122.1    62.9
   1979   8   15.3    10.4       0    99.9   166.9
   1979   9   14.1     9.5       0   137.7   105.7
   1979  10   12.9     8.9       0   121.9    74.2
   1979  11    9.4     4.5       1   215.3    50.3
   1979  12    8.1     3.9       2   139.5    30.6
   1980   1    6.8     2.6       4   110.0    62.2
   1980   2    7.5     3.5       4    95.3    48.5
   1980   3    7.6     2.5       5    76.5   121.7
   1980   4   10.8     5.6       0    19.8   165.9
   1980   5   14.1     7.2       0    17.7   268.9
   1980   6   14.6     9.6       0    88.2   182.5
   1980   7   15.4    10.5       0    93.7   177.3
   1980   8   16.1    11.7       0    94.6   106.5
   1980   9   15.3    11.2       0   227.5   111.0
   1980  10   11.4     7.1       0   160.2    86.7
   1980  11    9.5     5.0       1   147.3    43.3
   1980  12    8.6     4.5       0   155.5    17.7
   1981   1    8.2     3.5       4   126.0    26.4
   1981   2    6.9     3.1       2    62.7    51.5
   1981   3    8.8     3.9       2    84.4   119.5
   1981   4   10.5     4.7       2    16.4   217.4
   1981   5   13.2     7.5       0    78.0   199.3
   1981   6   13.9     8.8       0    59.2   178.1
   1981   7   15.2    10.6       0    90.2   132.4
   1981   8   16.1    11.2       0    90.2   153.5
   1981   9   15.4    10.7       0   162.8   119.3
   1981  10   10.4     5.2       0   156.0    89.2
   1981  11   10.1     5.6       0   169.4    37.5
   1981  12    5.8     1.4       9    97.0    30.3
   1982   1    6.5     2.8       7   162.7    31.4
   1982   2    8.0     3.9       0   136.7    55.0
   1982   3    8.5     3.2       1   133.6   112.8
   1982   4   10.8     5.5       0    33.0   128.2
   1982   5   12.9     6.8       0    82.1   241.1
   1982   6   16.4    10.1       0    48.9   220.0
   1982   7   17.0    11.2       0    24.4   208.5
   1982   8   16.3    11.0       0   103.6   142.5
   1982   9   14.4     9.5       0   196.7    80.9
   1982  10   12.9     8.2       0   129.7    92.5
   1982  11    9.8     5.0       1   178.3    38.1
   1982  12    7.9     2.9       6   140.0    28.7
   1983   1    8.6     3.6       5   146.1    26.3
   1983   2    6.5     1.3       7    31.8    76.4
   1983   3    8.9     4.4       1   114.1    69.8
   1983   4    9.3     2.6       4    40.4   198.3
   1983   5   12.1     6.0       0    40.8   224.6
   1983   6   14.4     8.8       0    66.1   185.9
   1983   7   17.9    11.3       0    36.9   165.6
   1983   8   17.6    11.7       0    70.3   145.2
   1983   9   14.4     9.7       0   105.9    97.2
   1983  10   12.5     7.6       0   215.5    71.6
   1983  11   10.7     6.1       1    44.2    39.0
   1983  12    9.4     4.5       0   163.4    22.8
   1984   1    6.2     0.9      10   207.8    31.0
   1984   2    7.8     3.2       2    84.7    33.2
   1984   3    8.1     2.6       2    57.8    97.1
   1984   4   11.3     5.3       1    64.1   204.8
   1984   5   12.7     5.9       0    16.3   273.6
   1984   6   14.7     9.7       0    50.1   125.1
   1984   7   16.5    11.4       0    37.7   158.9
   1984   8   17.8    12.0       0    57.5   183.0
   1984   9   14.4     9.6       0   149.5   108.8
   1984  10   12.4     7.8       0   238.2    78.2
   1984  11    9.9     4.9       2   144.0    58.6
   1984  12    9.1     4.5       1   148.9    26.7
   1985   1    5.2     0.2      12    65.9    71.6
   1985   2    6.7     2.8       7    36.4    70.2
   1985   3    7.5     2.1       4    61.4   110.2
   1985   4   10.3     4.7       0    97.9   149.3
   1985   5   12.9     6.3       0    48.4   228.9
   1985   6   14.6     8.2       0    24.4   225.0
   1985   7   15.5    10.7       0   193.1   132.2
   1985   8   15.1    10.6       0   230.3   123.7
   1985   9   14.1     9.9       0   169.5    74.6
   1985  10   13.1     9.0       0    74.2    81.5
   1985  11    8.0     1.9       6   104.2    54.3
   1985  12    8.6     3.9       3   172.8    26.9
   1986   1    6.9     2.0       5   153.6    45.2
   1986   2    4.4    -1.0      17     6.4   103.4
   1986   3    8.2     3.0       3   130.1   117.9
   1986   4    8.9     2.3       4    70.1   201.9
   1986   5   11.5     6.7       0   174.3   158.2
   1986   6   15.4     8.7       0    33.1   190.3
   1986   7   15.1    10.3       0    65.9   127.2
   1986   8   14.9     9.1       0    70.8   213.1
   1986   9   13.6     8.3       0    46.6   134.6
   1986  10   12.3     8.3       0   137.6    93.1
   1986  11   10.4     5.2       1   196.4    46.4
   1986  12    8.1     3.4       0   228.9    22.3
   1987   1    5.9     1.8       8    62.4    51.8
   1987   2    7.5     2.0       8    81.5    79.8
   1987   3    7.0     2.1       6   181.4   102.5
   1987   4   10.9     5.5       0    35.7   117.5
   1987   5   12.2     6.4       0    67.0   218.9
   1987   6   13.5     8.3       0    48.2   233.2
   1987   7   15.9    11.1       0   107.1   127.2
   1987   8   15.5    10.3       0   115.5   119.8
   1987   9   14.6     9.6       0   119.4   177.3
   1987  10   11.7     6.4       0   165.1   117.3
   1987  11    9.7     6.1       0   101.6    49.2
   1987  12    8.6     4.5       3   121.5    50.6
   1988   1    7.3     2.6       1   149.9    51.3
   1988   2    7.5     3.2       3   121.2    74.0
   1988   3    8.5     3.1       4   145.1   104.5
   1988   4   10.4     5.4       1    30.3   166.3
   1988   5   13.9     7.8       0    42.4   223.0
   1988   6   14.9     9.9       0    56.1   188.7
   1988   7   15.4    10.4       0   155.2   180.7
   1988   8   15.2    10.8       0   183.1   131.3
   1988   9   13.9     9.8       0   141.8    91.0
   1988  10   12.1     7.9       0   135.3    83.5
   1988  11    9.8     5.5       0   102.0    43.6
   1988  12   10.0     6.5       0   100.9    17.0
   1989   1    9.9     6.0       0   153.6    32.1
   1989   2    8.6     2.9       1   183.6    66.1
   1989   3    8.9     3.1       2   172.3   109.9
   1989   4    9.0     3.0       2    78.2   176.2
   1989   5   12.8     7.0       0    30.2   244.5
   1989   6   14.5     8.6       0    57.2   221.6
   1989   7   17.0    11.7       0    42.7   217.1
   1989   8   15.9    11.4       0   219.1   118.5
   1989   9   14.7     9.4       0    94.6   114.7
   1989  10   12.8     8.6       0   215.0    58.3
   1989  11    9.6     4.4       2    67.6    54.8
   1989  12    7.7     2.0       6    68.6    54.1
   1990   1    8.8     4.0       2   168.2    29.3
   1990   2    8.1     3.1       2   246.3    45.9
   1990   3    9.5     5.2       2   155.8    62.2
   1990   4   10.1     4.2       2   115.6   175.1
   1990   5   13.8     7.2       0    33.7   272.5
   1990   6   14.6     9.4       0   102.4   199.3
   1990   7   16.5    11.4       0    70.6   205.1
   1990   8   16.3    11.6       0   109.6   132.1
   1990   9   14.0     9.0       0   135.0   107.3
   1990  10   12.7     8.4       0   170.5    78.6
   1990  11    9.5     5.3       0    77.8    62.7
   1990  12    8.3     3.4       3   133.6    26.5
   1991   1    7.2     3.2       1   115.9    51.2
   1991   2    6.5     1.6       9    87.2    95.8
   1991   3    9.4     4.8       0   119.7    92.4
   1991   4   10.0     5.3       0   114.6   169.9
   1991   5   12.2     7.8       0    37.2   175.6
   1991   6   13.3     8.1       0    82.5   216.6
   1991   7   18.1    12.4       0    83.7   197.0
   1991   8   16.8    12.5       0    70.4   157.0
   1991   9   15.4     9.9       0   109.5   171.8
   1991  10   11.9     7.6       0   144.9    65.5
   1991  11    9.5     5.0       0   200.2    42.0
   1991  12    9.3     5.5       1   115.9     6.9
   1992   1    8.5     4.9       1    84.9    21.7
   1992   2    8.8     4.8       0   151.1    52.1
   1992   3    8.9     4.6       0   150.5    60.9
   1992   4    9.7     5.5       0   122.1   109.7
   1992   5   14.7     7.9       0    48.2   255.7
   1992   6   16.2    10.6       0    32.7   200.4
   1992   7   15.8    11.0       0    90.5   127.0
   1992   8   15.4    10.7       0   185.8   164.2
   1992   9   13.9     8.7       0   145.8   103.6
   1992  10   10.5     5.9       0   107.2    74.8
   1992  11    9.2     4.7       0   210.0    35.5
   1992  12    7.5     4.0       1   114.7    17.4
   1993   1    8.0     3.0       2   258.7    22.6
   1993   2    8.3     5.6       0    65.9    27.5
   1993   3    8.7     4.2       3    85.5    91.2
   1993   4   10.5     5.8       0   154.9   147.3
   1993   5   13.0     7.0       0    51.6   215.3
   1993   6   14.5    10.0       0    92.3   143.2
   1993   7   14.5    10.2       0    87.1   126.2
   1993   8   15.0    10.0       0    65.0   151.8
   1993   9   14.8     9.0       0    63.4   161.4
   1993  10   11.0     5.9       0    45.2   108.3
   1993  11    9.2     5.3       0    96.1    54.0
   1993  12    7.3     2.8       4   208.8    34.5
   1994   1    7.6     2.7       0   179.7    31.2
   1994   2    6.1     2.3       2    70.7    40.3
   1994   3    8.3     3.3       1   142.7    92.3
   1994   4    9.7     4.4       0   107.4   164.4
   1994   5   13.3     6.3       0    40.6   268.5
   1994   6   13.5     9.0       0   112.4   120.7
   1994   7   16.6    11.4       0    83.3   142.4
   1994   8   15.9    10.5       0    72.5   179.4
   1994   9   14.5     9.4       0    98.4   143.5
   1994  10   12.4     7.9       0   104.8    75.8
   1994  11   11.8     8.6       0   133.3    41.0
   1994  12    9.2     4.4       0   205.0    25.8
   1995   1    7.6     2.7       3   182.8    38.5
   1995   2    7.7     3.0       2   144.6    75.1
   1995   3    7.4     2.2       4   154.3    88.0
   1995   4   10.2     4.9       0    41.1   132.7
   1995   5   12.0     6.8       0    64.9   214.5
   1995   6   15.1     9.3       0    28.2   248.0
   1995   7   17.3    12.0       0    90.4   173.4
   1995   8   18.4    12.8       0    33.8   238.6
   1995   9   15.4     9.8       0    86.3   176.2
   1995  10   14.1     9.5       0   195.0    87.8
   1995  11   10.9     6.4       0   103.3    58.8
   1995  12    6.6     1.9       8    44.1    61.0
   1996   1    8.1     4.8       3    88.7    34.3
   1996   2    7.4     1.7       6   129.3    97.0
   1996   3    7.6     3.3       2    50.4    94.3
   1996   4   10.0     5.7       0   100.3   143.2
   1996   5   11.1     5.1       0    57.6   284.2
   1996   6   14.3     9.4       0    73.4   218.8
   1996   7   15.3    10.6       0    75.5   153.7
   1996   8   15.9    11.5       0   129.1   142.1
   1996   9   15.8    10.6       0    56.0   165.9
   1996  10   12.9     8.6       0   247.0    66.9
   1996  11    8.9     3.7       3   183.9    65.1
   1996  12    7.3     3.1       7    68.3    62.4
   1997   1    7.2     2.6       7    44.4    40.6
   1997   2    8.6     2.9       0   201.9    56.7
   1997   3    9.9     5.7       0    88.9   108.1
   1997   4   11.0     6.4       0    54.9   129.1
   1997   5   13.4     7.0       0    52.5   240.3
   1997   6   14.6     9.4       0    22.9   246.1
   1997   7   16.8    11.6       0    74.8   175.6
   1997   8   18.2    12.6       0    97.4   223.8
   1997   9   15.4     9.9       0   106.1   148.0
   1997  10   12.9     8.0       0    80.9   112.7
   1997  11   11.3     7.5       0   113.7    38.9
   1997  12    9.5     5.2       1   166.4    36.3
   1998   1    8.5     3.9       1   207.5    24.0
   1998   2    9.9     6.4       0   124.1    35.3
   1998   3    9.5     5.1       2    91.2    61.8
   1998   4    9.8     4.2       1    43.8   210.3
   1998   5   13.1     7.9       0    38.3   188.3
   1998   6   14.2     8.8       0    71.0   234.5
   1998   7   15.2    10.8       0   114.2   147.0
   1998   8   15.7    11.2       0   138.8   124.9
   1998   9   15.9    10.4       0    35.1   138.2
   1998  10   12.1     6.9       0   187.7   121.2
   1998  11    9.9     5.0       1   137.9    58.0
   1998  12    9.4     5.1       0   156.6    26.3
   1999   1    8.1     3.4       2   173.5    40.7
   1999   2    7.5     3.3       4    89.0    68.8
   1999   3    8.9     4.3       0    94.0   140.6
   1999   4   10.7     5.7       2    79.0   162.6
   1999   5   13.4     7.7       0    50.1   225.1
   1999   6   13.7     8.8       0    88.0   194.6
   1999   7   16.2    11.3       0    68.0   191.9
   1999   8   17.2    10.8       0    78.4   197.4
   1999   9   15.6    11.0       0   157.2   101.9
   1999  10   13.1     9.1       0   103.6    81.3
   1999  11   10.4     6.2       0   172.7    43.0
   1999  12    7.4     3.2       0   259.6    38.6
   2000   1    8.4     4.3       0   124.8    43.5
   2000   2    8.4     3.6       2   158.0    68.2
   2000   3    9.3     5.2       1    77.0    83.9
   2000   4    9.6     4.6       0    50.8   183.6
   2000   5   13.4     7.3       0    43.4   313.2
   2000   6   14.1     9.3       0    62.2   207.7
   2000   7   16.6    11.1       0    20.4   227.3
   2000   8   17.0    11.5       0    87.6   206.6
   2000   9   15.6    10.6       0   137.2   128.0
   2000  10   12.4     8.1       0   226.4    89.3
   2000  11    9.5     5.2       0   128.0    59.8
   2000  12    8.0     4.5       5   165.6    47.5
   2001   1    6.9     3.3       3   109.6    60.3
   2001   2    7.1     3.1       4    60.5    95.6
   2001   3    8.0     2.4       8    30.2   178.1
   2001   4    9.9     4.3       0    31.6   182.4
   2001   5   14.0     7.6       0    22.6   220.7
   2001   6   13.7     8.8       0    61.8   161.8
   2001   7   15.5    10.8       0    63.0   159.5
   2001   8   16.6    11.3       0    95.6   168.3*
   2001   9   14.9    10.0       0    88.2   149.6#
   2001  10   14.1    10.4       0   183.8    71.5#
   2001  11   11.0     6.4       0   145.2    19.9#
   2001  12    8.6     4.0       2    89.6    50.8#
   2002   1    9.5     5.5       1   155.0    25.6#
   2002   2    8.6     3.9       1   187.2    52.5#
   2002   3    9.4     4.9       0    82.0   110.0#
   2002   4   10.8     6.2       0   100.4   159.7#
   2002   5   13.2     7.9       0    91.8   198.9#
   2002   6   14.5    10.3       0   135.8   156.9#
   2002   7   15.3    10.8       0   100.2   158.2#
   2002   8   16.8    11.7       0    36.0   133.8#
   2002   9   16.0    10.6       0    80.0     ---
   2002  10   11.6     7.1       0   118.8    67.9#
   2002  11   10.8     7.2       1   136.8    40.6#
   2002  12    8.2     4.5       1    52.0    32.1#
   2003   1    7.8     3.3       7   100.8    50.7#
   2003   2    7.7     4.0       3    55.6    78.3#
   2003   3    9.8     5.3       0    78.0   144.2#
   2003   4   12.2     6.4       0    52.0   194.2#
   2003   5   12.5     7.4       0    85.6   175.2#
   2003   6   15.4    10.6       0    69.0   168.8#
   2003   7   17.4    12.5       0    75.0   123.3#
   2003   8   17.7    12.0       0    33.6   185.5#
   2003   9   15.5     9.7       0    92.2   121.9#
   2003  10   11.9     7.0       0    58.0   116.8#
   2003  11   10.9     6.7       0   183.6    54.1#
   2003  12    8.8     4.3       2   123.6    25.4#
   2004   1    8.5     4.3       1   140.6    34.9#
   2004   2    8.1     3.1       4    54.0     ---
   2004   3    9.4     4.6       0    86.2   150.3#
   2004   4   11.0     6.6       0    79.6   161.0#
   2004   5   13.1     7.7       0    34.6   227.2#
   2004   6   14.9    10.2       0    68.2   140.5#
   2004   7   16.1    10.8       0    75.2   190.8#
   2004   8   18.1    12.5       0   122.2   163.9#
   2004   9   15.4    10.9       0   192.8   108.7#
   2004  10   12.6     5.7       0   143.3    77.3#
   2004  11   10.6     7.2       0    93.6    24.2#
   2004  12    9.7     5.1       1   145.8    31.4#
   2005   1    9.2     4.7       2   148.3    29.6#
   2005   2    7.7     3.0       5    71.0    78.3#
   2005   3   10.0     5.3       0    83.6   111.1#
   2005   4   11.2     5.6       1   109.2   167.7#
   2005   5   12.3     6.8       0    86.0   220.4#
   2005   6   15.3    10.6       0    85.8   147.1#
   2005   7   16.2    11.3       0    39.2   186.2#
   2005   8   16.4    11.8       0   119.0   153.4#
   2005   9   15.8    11.1       0   140.0   107.8#
   2005  10   13.7*    9.7*      0*  126.0    46.5#
   2005  11   10.3     5.6       0   109.8    52.3#
   2005  12    9.1     4.8       2   111.4    31.5#
   2006   1    8.5     4.8       0    76.6    38.1#
   2006   2    8.3     3.5       4    59.0    88.5#
   2006   3    7.9     2.6       8   114.4    99.6#
   2006   4   10.0*    4.9*      1*   81.2   175.7#
   2006   5   12.8     7.2       0    98.8   238.2#
   2006   6   15.2    10.1       0    69.0   190.5#
   2006   7   17.7    12.6       0    82.2   167.8#
   2006   8   16.4    11.7       0    65.6   101.6#
   2006   9   16.4    12.1       0   123.2   113.7#
   2006  10   14.1    10.1       0   184.6    78.4#
   2006  11   10.7     6.3       0   136.4    32.8#
   2006  12    9.5     5.7       0   178.0    20.4#
   2007   1    9.4*    4.8*      1*  144.3*    ---
   2007   2    8.4     4.6       2   106.0    68.0#
   2007   3    9.3     4.3       1    76.6   149.7#
   2007   4   12.3     6.8       0    46.8   178.6#
   2007   5   12.8     7.2       0    69.8   244.9#
   2007   6   16.1    10.3       0    63.6   239.7#
   2007   7   16.2    11.0       0    57.4   156.3#
   2007   8   15.7    11.0       0   114.0   125.1#
   2007   9   14.7     9.8       0    66.4   101.9#
   2007  10   13.8     9.9       0   117.6    86.2#
   2007  11   10.9     6.9       0    98.0    28.6#
   2007  12    9.4     5.1       0   100.4    30.2#
   2008   1    8.5     3.4       3   161.7    29.8#
   2008   2    9.0     4.4       0   109.9    82.1#
